0.01	0
0.01	0
0.01	0
0.01	0
0.01	0
0.01	0
0.01	0
0.01	0
0.01	0
0.01	0
0.01	0
0.013	0
0.013	0
0.017	0
0.0731925	175
0.0731925	175
0.0804086	505
0.0866246	783
0.0866246	783
0.0918406	1020
0.0950886	1122
0.0960886	1122
0.0990566	1211
0.102929	1308
0.103929	1308
0.106929	1308
0.109929	1308
0.109929	1308
0.112929	1308
0.115929	1308
0.116929	1308
0.119929	1308
0.122929	1308
0.122929	1308
0.125929	1308
0.128929	1308
0.128929	1308
0.131929	1308
0.134797	1710
0.135797	1710
0.137765	1886
0.139765	1886
0.139765	1886
0.141765	1886
0.144605	1886
0.144605	1886
0.146605	1886
0.148229	1886
0.148229	1886
0.150197	1886
0.152197	1886
0.153197	1886
0.155037	1886
0.157693	1886
0.157693	1886
0.159285	1886
0.161285	1886
0.162253	1886
0.164533	1886
0.166533	1886
0.166533	1886
0.168125	1886
0.170125	1886
0.170125	1886
0.173501	1886
0.175501	1886
0.175501	1886
0.177749	1886
0.179749	1886
0.179749	1886
0.181125	1886
0.183125	1886
0.184533	1886
0.186501	1886
0.188501	1886
0.188501	1886
0.190749	1886
0.192717	1886
0.193717	1886
0.195589	1886
0.198994	3144
0.198994	3144
0.199994	3144
0.201866	3144
0.201866	3144
0.202242	3144
0.20521	3149
0.20521	3149
0.20621	3149
0.208082	3174
0.208082	3174
0.20993	3368
0.211898	3385
0.211898	3385
0.212898	3385
0.217642	3385
0.217642	3385
0.218018	3400
0.220986	3461
0.220986	3461
0.221986	3461
0.223858	3461
0.223858	3461
0.224234	3461
0.227202	3461
0.227202	3461
0.228202	3461
0.230074	3541
0.230074	3541
0.231074	3541
0.23629	3541
0.23629	3541
0.23729	3541
0.239162	3541
0.239162	3541
0.240538	3541
0.242506	3541
0.242506	3541
0.243506	3541
0.245378	3541
0.245378	3541
0.246226	3541
0.249194	3541
0.249194	3541
0.250194	3541
0.254938	3541
0.254938	3541
0.255314	3541
0.258282	3541
0.258282	3541
0.259282	3541
0.264026	3541
0.264026	3541
0.265404	3541
0.267374	3541
0.267374	3541
0.268374	3541
0.27072	3541
0.27072	3541
0.27172	3541
0.27694	3541
0.27694	3541
0.27794	3541
0.279814	3541
0.279814	3541
0.280192	3541
0.286034	3541
0.286034	3541
0.287034	3541
0.288908	3541
0.288908	3541
0.289286	3541
0.292728	3541
0.292728	3541
0.298474	3541
0.304694	3541
0.304694	3541
0.307568	3541
0.311388	3541
0.311388	3541
0.317134	3541
0.320482	3541
0.320482	3541
0.323356	3541
0.329576	3541
0.329576	3541
0.33245	3541
0.335798	3541
0.335798	3541
0.339144	3541
0.345364	3541
0.345364	3541
0.348238	3541
0.354458	3541
0.354458	3541
0.357332	3541
0.364024	3541
0.364024	3541
0.366898	3541
0.370246	3541
0.370246	3541
0.37312	3541
0.37934	3541
0.37934	3541
0.382214	3541
0.385562	3541
0.385562	3541
0.388908	3541
0.395128	3541
0.395128	3541
0.400874	3541
0.404222	3541
0.404222	3541
0.407096	3541
0.410916	3541
0.410916	3541
0.416662	3541
0.42001	3541
0.42001	3541
0.422884	3541
0.429104	3541
0.429104	3541
0.431978	3541
0.43867	3541
0.43867	3541
0.441544	3541
0.447764	3541
0.447764	3541
0.450638	3541
0.45733	3541
0.45733	3541
0.460204	3541
0.466424	3541
0.466424	3541
0.469298	3541
0.472646	3541
0.472646	3541
0.47552	3541
0.485084	3541
0.485084	3541
0.487958	3541
0.491306	3541
0.491306	3541
0.492691	3541
0.49466	3541
0.497534	3541
0.497534	3541
0.500883	3541
0.509977	3541
0.510977	3541
0.510977	3541
0.511977	3541
0.511977	3541
0.516669	3541
0.519543	3541
0.519543	3541
0.522891	3541
0.526237	3541
0.526237	3541
0.533309	3541
0.534309	3541
0.536279	3541
0.539153	3541
0.539153	3541
0.545373	3541
0.548247	3541
0.548247	3541
0.554939	3541
0.557813	3541
0.557813	3541
0.564033	3541
0.566907	3541
0.566907	3541
0.570255	3541
0.576477	3541
0.576477	3541
0.579825	3541
0.582699	3541
0.582699	3541
0.586047	3541
0.591795	3541
0.591795	3541
0.595143	3541
0.598017	3541
0.598017	3541
0.604713	3541
0.610461	3541
0.610461	3541
0.613809	3541
0.616683	3541
0.616683	3541
0.620031	3541
0.626253	3541
0.626253	3541
0.629601	3541
0.632475	3541
0.632475	3541
0.635823	3541
0.641571	3541
0.641571	3541
0.648267	3541
0.651141	3541
0.651141	3541
0.654489	3541
0.657363	3541
0.657363	3541
0.663585	3541
0.666459	3541
0.666459	3541
0.673155	3541
0.676029	3541
0.676029	3541
0.679377	3541
0.685125	3541
0.685125	3541
0.694695	3541
0.697569	3541
0.697569	3541
0.700917	3541
0.703791	3541
0.703791	3541
0.707139	3541
0.710487	3541
0.710487	3541
0.713361	3541
0.716235	3541
0.716235	3541
0.719591	3541
0.722938	3541
0.722938	3541
0.725812	3541
0.732508	3541
0.732508	3541
0.735382	3541
0.744083	3541
0.753182	3541
0.754182	3541
0.763404	3541
0.773757	3541
0.774757	3541
0.783829	3541
0.792405	3541
0.794405	3541
0.80386	3541
0.80486	3541
0.813088	3541
0.823666	3541
0.83212	3541
0.8335	3541
0.842602	3541
0.852178	3541
0.853178	3541
0.86238	3541
0.871608	3541
0.88044	3541
0.882412	3541
0.891162	3541
0.900118	3541
0.90109	3541
0.911192	3541
0.920768	3541
0.921768	3541
0.930872	3541
0.940974	3541
0.941702	3541
0.95041	2909
0.961258	2909
0.972244	2909
0.974244	2909
0.985582	2909
0.996038	2909
0.998038	2909
1.00989	2909
1.01489	2909
1.0155	2909
1.02047	2909
1.02547	2909
1.02647	2909
1.03192	2909
1.03792	2909
1.03792	2909
1.04302	2909
1.04877	2909
1.04877	2909
1.05447	2909
1.05922	2909
1.06022	2909
1.06592	2909
1.07067	2909
1.07067	2909
1.07402	2909
1.07802	2909
1.07902	2909
1.08324	2909
1.08647	2909
1.08747	2909
1.09147	2909
1.09547	2909
1.09547	2909
1.09957	2909
1.10379	2909
1.10479	2909
1.10802	2909
1.11102	2909
1.11202	2909
1.11602	2909
1.1205	2909
1.1205	2909
1.12435	2909
1.12835	2909
1.12935	2909
1.13235	2909
1.13679	2909
1.13779	2909
1.14179	2909
1.14537	2909
1.14537	2909
1.14937	2909
1.15337	2909
1.15499	2909
1.15772	2909
1.16172	2909
1.16272	2909
1.16657	2909
1.17057	2909
1.17057	2909
1.17466	2909
1.17866	2909
1.17866	2909
1.18224	2909
1.18624	2909
1.18724	2909
1.19124	2909
1.19534	2909
1.19534	2909
1.19994	2909
1.20391	2909
1.20391	2909
1.21001	2909
1.21671	2909
1.21671	2909
1.22581	2909
1.22916	2909
1.22916	2909
1.23491	2909
1.24161	2909
1.24161	2909
1.24736	2909
1.25071	2909
1.25171	2909
1.25693	2909
1.26316	2909
1.26316	2909
1.26704	2909
1.27274	2909
1.27274	2909
1.27849	2909
1.28184	2909
1.28284	2909
1.28671	2909
1.29141	2909
1.29141	2909
1.29716	2909
1.30052	2909
1.30152	2909
1.30961	2909
1.31631	2909
1.31631	2909
1.32541	2909
1.33164	2909
1.33164	2909
1.33551	2909
1.34409	2909
1.34409	2909
1.34896	2909
1.35654	2909
1.35654	2909
1.36276	2909
1.36899	2909
1.36899	2909
1.37521	2909
1.38479	2909
1.38479	2909
1.39054	2909
1.39724	2909
1.39724	2909
1.40384	2909
1.40682	2909
1.41295	2909
1.41592	2909
1.41692	2909
1.43748	2909
1.44048	2909
1.44174	2909
1.44574	2909
1.44907	2909
1.45307	2909
1.45307	2909
1.45768	2909
1.46196	2909
1.46596	2909
1.46971	2909
1.46971	2909
1.47341	2909
1.47777	2909
1.48102	2909
1.48102	2909
1.486	2909
1.48922	2909
1.4906	2909
1.49458	2909
1.49731	2909
1.50128	2909
1.50228	2909
1.50839	2909
1.51797	2909
1.52097	2909
1.52197	2909
1.58073	2036
1.59031	2036
1.59031	2036
1.59606	2036
1.60276	2036
1.60276	2036
1.60852	2036
1.61475	2036
1.61475	2036
1.6205	2036
1.62585	2036
1.62685	2036
1.63919	2036
1.6459	2036
1.6459	2036
1.65165	2036
1.65653	2036
1.65753	2036
1.6646	2036
1.66948	2036
1.67048	2036
1.67572	2036
1.68133	2036
1.68714	2036
1.69297	2036
1.69824	2036
1.70355	2036
1.70955	2036
1.70955	2036
1.71503	2036
1.7219	2036
1.726	2036
1.73274	2036
1.73274	2036
1.73874	2036
1.74474	2036
1.74474	2036
1.78684	1810
1.79219	1810
1.79929	1810
1.79929	1810
1.80652	1810
1.81275	1810
1.81375	1810
1.81945	1810
1.8252	1810
1.8262	1810
1.83243	1810
1.83914	1810
1.84014	1810
1.84624	1810
1.85299	1810
1.85399	1810
1.85922	1810
1.86598	1810
1.86686	1810
1.87261	1810
1.87985	1810
1.88085	1810
1.88661	1810
1.89223	1810
1.89323	1810
1.89946	1810
1.90543	1810
1.90643	1810
1.91395	1810
1.91909	1810
1.92009	1810
1.92606	1810
1.93217	1810
1.93317	1810
1.93967	1810
1.94552	1810
1.94652	1810
1.95327	1810
1.95988	1810
1.96085	1810
1.96685	1810
1.97281	1810
1.97381	1810
1.97966	1810
1.98614	1810
1.98714	1810
1.99399	1810
1.99922	1810
2.00022	1810
2.00647	1810
2.0128	1810
2.01355	1810
2.01928	1810
2.02625	1810
2.02725	1810
2.03361	1810
2.03958	1810
2.04058	1810
2.04669	1810
2.05239	1810
2.05339	1810
2.06014	1810
2.06672	1810
2.06772	1810
2.07395	1810
2.07968	1810
2.08068	1810
2.08653	1810
2.09202	1810
2.09302	1810
2.10086	1810
2.10609	1810
2.10709	1810
2.1138	1810
2.11942	1810
2.12042	1810
2.12613	1810
2.13313	1810
2.13313	1810
2.14049	1810
2.14646	1810
2.14746	1810
2.15356	1810
2.15927	1810
2.16027	1810
2.16602	1810
2.1736	1810
2.1746	1810
2.18083	1810
2.18644	1810
2.18744	1810
2.19341	1810
2.19989	1810
2.20089	1810
2.20774	1810
2.2137	1810
2.2147	1810
2.22055	1810
2.2263	1810
2.2273	1810
2.233	1810
2.239	1810
2.24	1810
2.24734	1810
2.25334	1810
2.25434	1810
2.26017	1810
2.26614	1810
2.26714	1810
2.27325	1810
2.28048	1810
2.28048	1810
2.2877	1810
2.29331	1810
2.29428	1810
2.30004	1810
2.30604	1810
2.30764	1810
2.31362	1810
2.3201	1810
2.3211	1810
2.32755	1810
2.33318	1810
2.33418	1810
2.34076	1810
2.34676	1810
2.34798	1810
2.35421	1810
2.36021	1810
2.36121	1810
2.36705	3541
2.37002	3541
2.37102	3541
2.37402	3541
2.37702	3541
2.37702	3541
2.38112	3541
2.38435	3541
2.38435	3541
2.38735	3541
2.39158	3541
2.39158	3541
2.39458	3541
2.39719	3541
2.39819	3541
2.40116	3541
2.40416	3541
2.40516	3541
2.40891	3541
2.41164	3541
2.41264	3541
2.41549	3541
2.41849	3541
2.41849	3541
2.42272	3541
2.42572	3541
2.42572	3541
2.42833	3541
2.4323	3541
2.4323	3541
2.4353	3541
2.43805	3541
2.43905	3541
2.44278	3541
2.44576	3541
2.44676	3541
2.44976	3541
2.45286	3541
2.45286	3541
2.45659	3541
2.45956	3541
2.45956	3541
2.46256	3541
2.46819	3541
2.46819	3541
2.47192	3541
2.4749	3541
2.4759	3541
2.4789	3541
2.48112	3541
2.48212	3541
2.48726	3541
2.49023	3541
2.49023	3541
2.49323	3541
2.49933	3541
2.49933	3541
2.50604	3541
2.51226	3541
2.51226	3541
2.52137	3541
2.5276	3541
2.5276	3541
2.53718	3541
2.54293	3541
2.54293	3541
2.55251	3541
2.55874	3541
2.55874	3541
2.56496	3541
2.56832	3541
2.56832	3541
2.57454	3541
2.5803	3541
2.5803	3541
2.587	3541
2.58988	3541
2.58988	3541
2.5961	3541
2.60233	3541
2.60233	3541
2.60856	3541
2.61144	3541
2.61144	3541
2.61814	3541
2.62102	3541
2.62102	3541
2.62484	3541
2.62772	3541
2.62772	3541
2.63107	3541
2.63433	3541
2.66078	3541
2.66466	3541
2.66854	3541
2.67325	3541
2.67798	3541
2.68195	3541
2.68521	3541
2.68618	3541
2.69001	3541
2.69401	3541
2.73074	2069
2.73557	2089
2.74367	2091
2.74367	2091
2.75325	2091
2.76236	2091
2.76236	2091
2.76859	2091
2.77394	2091
2.77494	2091
2.77917	2091
2.78552	2091
2.78552	2091
2.79398	2091
2.79871	2091
2.80368	2091
2.80468	2091
2.80943	2091
2.81514	2091
2.81601	2091
2.82175	2091
2.82672	2091
2.82772	2091
2.83382	2091
2.83853	2091
2.84341	2091
2.84428	2091
2.85028	2091
2.85528	2091
2.85628	2091
2.86173	2091
2.86737	2091
2.86737	2091
2.87325	2091
2.8789	2091
2.8799	2091
2.88452	2091
2.89037	2091
2.89037	2091
2.89625	2091
2.90147	2091
2.90247	2091
2.90747	2091
2.91347	2091
2.92533	2091
2.93156	2091
2.93817	2091
2.94114	2091
2.94978	2091
2.95639	2091
2.95936	2091
2.96511	2091
2.97172	2091
2.97469	2091
2.98093	2091
2.98518	2091
2.98716	2091
2.99626	2091
3.00201	2091
3.00201	2091
3.00872	2091
3.01447	2091
3.01447	2091
3.02406	2091
3.02981	2091
3.03081	2091
3.03652	2091
3.04139	2091
3.04227	2091
3.04765	2091
3.0525	2091
3.0535	2091
3.05908	2091
3.06408	2091
3.06508	2091
3.07044	2091
3.07629	2091
3.07629	2091
3.08252	2091
3.0874	2091
3.0884	2091
3.09301	2091
3.09998	2091
3.10073	2091
3.10547	2091
3.11044	2091
3.11144	2091
3.11619	2091
3.12612	2091
3.12612	2091
3.13287	2091
3.13858	2091
3.13858	2091
3.14768	2091
3.15726	2091
3.15726	2091
3.16301	2091
3.17259	2091
3.17259	2091
3.17882	2091
3.18505	2091
3.18505	2091
3.19415	2091
3.20086	2091
3.20086	2091
3.20709	2091
3.21619	2091
3.21619	2091
3.22242	2091
3.232	2091
3.232	2091
3.23775	2091
3.24445	2091
3.24445	2091
3.25021	2091
3.25691	2091
3.25691	2091
3.26266	2091
3.26937	2091
3.26937	2091
3.27512	2091
3.2847	2091
3.2847	2091
3.29093	2091
3.29716	2091
3.29716	2091
3.30391	2091
3.30962	2091
3.30962	2091
3.31537	2091
3.32207	2091
3.32207	2091
3.32882	2091
3.3374	2091
3.3374	2091
3.34363	2091
3.34986	2091
3.34986	2091
3.35896	2091
3.36567	2091
3.36567	2091
3.3719	2091
3.381	2091
3.381	2091
3.38723	2091
3.39393	2091
3.39393	2091
3.40256	2091
3.40926	2091
3.40926	2091
3.41549	2091
3.4246	2091
3.4246	2091
3.43082	2091
3.4404	2091
3.4404	2091
3.44616	2091
3.45286	2091
3.45286	2091
3.45861	2091
3.46819	2091
3.46819	2091
3.47442	2091
3.48065	2091
3.48065	2091
3.48688	2091
3.49646	2091
3.49646	2091
3.50221	2091
3.50891	2091
3.50891	2091
3.51466	2091
3.51949	2091
3.52049	2091
3.52572	2091
3.53382	2091
3.53382	2091
3.54005	2091
3.54676	2091
3.54676	2091
3.55538	2091
3.56209	2091
3.56209	2091
3.56884	2091
3.57454	2091
3.57454	2091
3.58365	2091
3.58988	2091
3.58988	2091
3.5961	2091
3.60568	2091
3.60568	2091
3.61144	2091
3.61814	2091
3.61814	2091
3.62437	2091
3.63347	2091
3.63347	2091
3.6397	2091
3.64928	2091
3.64928	2091
3.65503	2091
3.66174	2091
3.66174	2091
3.66796	2091
3.67707	2091
3.67707	2091
3.6833	2091
3.69288	2091
3.69288	2091
3.69863	2091
3.70533	2091
3.70533	2091
3.71108	2091
3.72066	2091
3.72066	2091
3.72689	2091
3.73312	2091
3.73312	2091
3.73973	2091
3.74471	2091
3.74993	2091
3.75093	2091
3.75851	2091
3.76427	2091
3.76427	2091
3.7705	2091
3.77673	2091
3.77673	2091
3.78296	2091
3.79206	2091
3.79206	2091
3.79876	2091
3.80452	2091
3.80452	2091
3.8141	2091
3.82032	2091
3.82032	2091
3.82655	2091
3.83278	2091
3.83278	2091
3.84236	2091
3.84811	2091
3.84811	2091
3.85769	2091
3.86392	2091
3.86392	2091
3.87015	2091
3.87638	2091
3.87638	2091
3.88596	2091
3.89171	2091
3.89171	2091
3.90129	2091
3.92955	1711
3.92955	1711
3.9363	1711
3.94301	1711
3.94401	1711
3.95076	1711
3.95724	1711
3.95824	1711
3.96422	1711
3.97132	1711
3.97305	1711
3.97902	1711
3.98651	1711
3.98751	1711
3.99348	1711
4.00023	1711
4.00184	1711
4.00781	1711
4.0143	1711
4.0153	1711
4.02127	1711
4.02837	1711
4.0291	1711
4.03608	1711
4.04256	1711
4.04356	1711
4.05041	1711
4.05664	1711
4.05764	1711
4.06474	1711
4.07044	1711
4.07144	1711
4.0782	1711
4.0859	1711
4.0869	1711
4.09213	1711
4.09923	1711
4.10023	1711
4.10646	1711
4.11346	1711
4.11917	2091
4.12414	2091
4.12914	2091
4.13014	2091
4.15951	2091
4.16574	2091
4.16574	2091
4.17197	2091
4.18155	2091
4.18155	2091
4.1873	2091
4.194	2091
4.194	2091
4.20076	2091
4.20934	2091
4.20934	2091
4.21556	2091
4.22179	2091
4.22179	2091
4.22802	2091
4.2376	2091
4.2376	2091
4.24335	2091
4.25006	2091
4.25006	2091
4.25916	2091
4.26539	2091
4.26539	2091
4.27162	2091
4.27784	2091
4.27784	2091
4.28407	2091
4.2903	2091
4.2903	2091
4.2994	2091
4.30898	2091
4.30898	2091
4.31286	2091
4.31856	2091
4.31856	2091
4.34012	2091
4.34635	2091
4.34635	2091
4.35258	2091
4.36216	2091
4.36216	2091
4.36791	2091
4.37462	2091
4.37462	2091
4.38037	2091
4.38995	2091
4.38995	2091
4.39618	2091
4.4024	2091
4.4024	2091
4.40863	2091
4.41821	2091
4.41821	2091
4.42396	2091
4.43067	2091
4.43067	2091
4.43977	2091
4.446	2091
4.446	2091
4.45223	2091
4.45846	2091
4.45846	2091
4.46468	2091
4.47139	2091
4.47139	2091
4.48002	2091
4.4896	2091
4.4906	2091
4.49782	2091
4.50405	2091
4.50505	2091
4.51738	2091
4.52409	2091
4.52509	2091
4.53284	2091
4.53942	2091
4.54042	2091
4.54765	2091
4.55588	2091
4.55588	2091
4.5611	2091
4.56768	2091
4.56768	2091
4.57344	2091
4.58014	2091
4.58014	2091
4.58689	2091
4.59547	2091
4.59547	2091
4.6017	2091
4.60793	2091
4.60793	2091
4.61703	2091
4.62374	2091
4.62374	2091
4.62949	2091
4.63619	2091
4.63619	2091
4.64242	2091
4.65152	2091
4.65152	2091
4.65775	2091
4.66733	2091
4.66733	2091
4.67356	2091
4.68266	2091
4.68266	2091
4.69177	2091
4.69847	2091
4.69847	2091
4.70758	2091
4.7138	2091
4.7138	2091
4.72291	2091
4.72961	2091
4.72961	2091
4.73536	2091
4.74207	2091
4.74207	2091
4.74882	2091
4.75452	2091
4.75452	2091
4.76363	2091
4.76986	2091
4.76986	2091
4.77608	2091
4.78566	2091
4.78566	2091
4.79142	2091
4.801	2091
4.801	2091
4.80722	2091
4.81345	2091
4.81345	2091
4.81968	2091
4.82926	2091
4.82926	2091
4.83501	2091
4.84172	2091
4.84172	2091
4.84794	2091
4.85705	2091
4.85705	2091
4.86615	2091
4.87286	2091
4.87286	2091
4.88196	2091
4.88866	2091
4.88866	2091
4.89777	2091
4.90687	2091
4.90687	2091
4.9131	2091
4.9198	2091
4.9198	2091
4.92843	2091
4.93514	2091
4.93514	2091
4.94424	2091
4.95382	2091
4.95382	2091
4.95957	2091
4.96915	2091
4.96915	2091
4.97538	2091
4.98496	2091
4.98496	2091
4.99119	2091
5.00029	2091
5.00029	2091
5.00652	2091
5.0161	2091
5.0161	2091
5.02233	2091
5.03143	2091
5.03143	2091
5.03766	2091
5.04724	2091
5.04724	2091
5.05635	2091
5.06593	2091
5.06593	2091
5.07503	2091
5.08126	2091
5.08126	2091
5.09036	2091
5.09994	2091
5.09994	2091
5.10617	2091
5.11575	2091
5.11575	2091
5.12773	2091
5.13443	2091
5.13443	2091
5.14641	2091
5.15647	2091
5.15647	2091
5.1651	2091
5.17468	2091
5.17468	2091
5.18091	2091
5.19049	2091
5.19049	2091
5.19959	2091
5.20582	2091
5.20582	2091
5.21492	2091
5.22163	2091
5.22163	2091
5.23073	2091
5.23696	2091
5.23696	2091
5.24319	2091
5.25277	2091
5.25277	2091
5.26187	2091
5.27145	2091
5.27145	2091
5.28055	2091
5.28678	2091
5.28678	2091
5.29589	2091
5.30547	2091
5.30547	2091
5.31169	2091
5.32127	2091
5.32127	2091
5.33325	2091
5.33996	2091
5.33996	2091
5.34906	2091
5.35864	2091
5.35864	2091
5.36439	2091
5.37397	2091
5.37397	2091
5.37933	2091
5.38643	2091
5.38643	2091
5.39553	2091
5.40224	2091
5.40224	2091
5.40899	2091
5.41469	2091
5.41469	2091
5.4238	2091
5.43003	2091
5.43003	2091
5.43638	2091
5.44248	2091
5.44248	2091
5.45159	2091
5.46117	2091
5.46117	2091
5.47027	2091
5.47985	2091
5.47985	2091
5.48895	2091
5.49853	2091
5.49853	2091
5.50476	2091
5.51434	2091
5.51434	2091
5.52632	2091
5.53303	2091
5.53303	2091
5.54213	2091
5.55171	2091
5.55171	2091
5.55746	2091
5.56704	2091
5.56704	2091
5.57327	2091
5.58285	2091
5.58285	2091
5.59195	2091
5.59818	2091
5.59818	2091
5.60729	2091
5.61399	2091
5.61399	2091
5.62309	2091
5.62932	2091
5.62932	2091
5.63843	2091
5.64513	2091
5.64513	2091
5.65423	2091
5.66381	2091
5.66381	2091
5.67292	2091
5.6825	2091
5.6825	2091
5.6916	2091
5.70118	2091
5.70118	2091
5.70741	2091
5.71651	2091
5.71651	2091
5.72897	2091
5.73567	2091
5.73567	2091
5.7443	2091
5.75388	2091
5.75388	2091
5.76299	2091
5.77257	2091
5.77257	2091
5.77879	2091
5.78837	2091
5.78837	2091
5.79748	2091
5.80371	2091
5.80371	2091
5.81281	2091
5.81951	2091
5.81951	2091
5.82862	2091
5.83532	2091
5.83532	2091
5.84395	2091
5.85065	2091
5.85065	2091
5.85976	2091
5.86934	2091
5.86934	2091
5.87844	2091
5.88802	2091
5.88802	2091
5.89477	2091
5.90335	2091
5.90335	2091
5.91246	2091
5.92204	2091
5.92204	2091
5.93114	2091
5.94072	2091
5.94072	2091
5.94983	2091
5.95653	2091
5.95653	2091
5.96563	2091
5.97521	2091
5.97521	2091
5.98432	2091
5.9939	2091
5.9939	2091
6.003	2091
6.00923	2091
6.00923	2091
6.01833	2091
6.02504	2091
6.02504	2091
6.03414	2091
6.04947	2091
6.05321	2091
6.05818	2091
6.06528	2091
6.07189	2091
6.07686	2091
6.08397	2091
6.09057	2091
6.09555	2091
6.1003	2091
6.10591	2091
6.11088	2091
6.11798	2091
6.12459	2091
6.12956	2091
6.13667	2091
6.1404	2091
6.14537	2091
6.15247	2091
6.15621	2091
6.16118	2091
6.17116	2091
6.17777	2091
6.18274	2091
6.18984	2091
6.19645	2091
6.20142	2091
6.20617	2091
6.21178	2091
6.21675	2091
6.22386	2091
6.22759	2091
6.23256	2091
6.23967	2091
6.24915	2091
6.25547	2091
6.26123	2091
6.26496	2091
6.27416	2091
6.27903	2091
6.28364	2091
6.28949	2091
6.29572	2091
6.29897	2091
6.3053	2091
6.31105	2091
6.31766	2091
6.32398	2091
6.32973	2091
6.33634	2091
6.34131	2091
6.34654	2091
6.35215	2091
6.358	2091
6.36287	2091
6.36796	2091
6.37668	2091
6.38291	2091
6.38617	2091
6.39537	2091
6.40024	2091
6.40197	2091
6.41117	2091
6.41693	2091
6.42066	2091
6.42651	2091
6.43273	2091
6.43934	2091
6.44567	2091
6.45429	2091
6.45803	2091
6.46387	2091
6.47298	2091
6.47671	2091
6.48256	2091
6.48879	2091
6.49252	2091
6.49837	2091
6.50412	2091
6.51073	2091
6.51705	2091
6.52328	2091
6.52941	2091
6.53573	2091
6.54149	2091
6.54522	2091
6.55107	2091
6.55729	2091
6.56055	2091
6.56687	2091
6.57598	2091
6.58259	2091
6.58756	2091
6.59466	2091
6.59792	2091
6.60289	2091
6.60999	2091
6.61373	2091
6.61957	2091
6.6258	2091
6.63241	2091
6.63826	2091
6.64449	2091
6.65109	2091
6.65694	2091
6.66317	2091
6.66978	2091
6.67563	2091
6.68185	2091
6.68559	2091
6.69143	2091
6.69766	2091
6.70379	2091
6.71012	2091
6.71635	2091
6.72248	2091
6.7288	2091
6.73791	2091
6.74116	2091
6.74513	2091
6.75036	2091
6.75697	2091
6.76094	2091
6.76905	2091
6.77565	2091
6.7815	2091
6.78773	2091
6.79434	2091
6.79831	2091
6.80306	2091
6.80967	2091
6.81312	2091
6.82175	2091
6.82548	2091
6.83133	2091
6.84043	2091
6.84416	2091
6.85101	2091
6.85824	2091
6.85997	2091
6.86869	2091
6.87592	2091
6.87865	2091
6.8855	2091
6.89225	2091
6.89686	2091
6.90319	2091
6.95004	1668
6.95589	1668
6.96211	1668
6.96872	1668
6.97457	1668
6.9808	1668
6.98741	1668
6.99325	1668
6.99948	1668
7.00674	1668
7.00906	1668
7.01581	1668
7.02242	1668
7.02439	1668
7.0335	1668
7.04011	1668
7.04308	1668
7.05218	1668
7.05889	1668
7.05989	1668
7.06799	1668
7.0746	1668
7.07757	1668
7.08667	1668
7.09293	1668
7.09625	1668
7.10201	1668
7.13353	1668
7.13985	1668
7.14895	1668
7.15421	1668
7.15853	1668
7.16764	1668
7.17389	1668
7.17722	1668
7.18632	1668
7.19258	1668
7.1959	1668
7.20165	1668
7.20839	1668
7.21123	1668
7.22034	1668
7.22607	1668
7.22992	1668
7.23902	1668
7.24573	1668
7.24673	1668
7.25483	1668
7.26009	1668
7.26153	1668
7.27351	1668
7.27977	1668
7.28309	1668
7.28985	1668
7.30839	1668
7.31711	1668
7.32334	1668
7.33059	1668
7.33292	1668
7.34202	1668
7.34863	1668
7.3516	1668
7.36071	1668
7.36644	1668
7.37029	1668
7.37939	1668
7.38565	1668
7.38897	1668
7.39807	1668
7.40433	1668
7.40765	1668
7.41676	1668
7.42201	1668
7.42399	1668
7.43209	1668
7.43879	1668
7.43979	1668
7.45077	1668
7.45651	1668
7.46035	1668
7.46658	1668
7.47942	1668
7.48862	1668
7.49772	1668
7.50398	1668
7.5073	1668
7.51641	1668
7.52266	1668
7.52599	1668
7.53509	1668
7.54135	1668
7.54467	1668
7.55377	1668
7.55903	1668
7.56335	1668
7.57246	1668
7.57871	1668
7.58204	1668
7.59114	1668
7.59737	1668
7.59837	1668
7.60647	1668
7.61308	1668
7.61605	1668
7.62516	1668
7.63189	1668
7.63474	1668
7.64384	1668
7.65045	1668
7.65965	1668
7.66875	1668
7.67536	1668
7.67833	1668
7.68744	1668
7.69405	1668
7.69702	1668
7.70612	1668
7.71273	1668
7.7157	1668
7.72481	1668
7.73054	1668
7.73486	1668
7.74349	1668
7.7501	1668
7.75307	1668
7.76217	1668
7.76878	1668
7.77175	1668
7.78086	1668
7.78659	1668
7.79044	1668
7.79954	1668
7.80527	1668
7.80912	1668
7.81823	1668
7.82496	1668
7.83116	1668
7.84026	1668
7.84687	1668
7.85272	1668
7.86182	1668
7.86755	1668
7.86853	1668
7.87763	1668
7.88424	1668
7.88721	1668
7.89919	1668
7.90592	1668
7.90877	1668
7.91787	1668
7.92361	1668
7.92745	1668
7.93656	1668
7.94229	1668
7.94614	1668
7.95524	1668
7.96197	1668
7.96482	1668
7.97393	1668
7.98053	1668
7.98686	1668
7.99596	1668
8.00257	1668
8.01177	1668
8.02087	1668
8.02748	1668
8.03668	1668
8.04579	1668
8.05239	1668
8.05537	1668
8.06735	1668
8.07308	1668
8.07693	1668
8.08938	1668
8.09599	1668
8.09896	1668
8.10807	1668
8.11432	1668
8.11765	1668
8.12675	1668
8.13201	1668
8.13921	1668
8.14543	1668
8.15204	1668
8.15789	1668
8.16699	1668
8.17273	1668
8.17657	1668
8.18568	1668
8.19229	1668
8.19861	1668
8.20771	1668
8.21397	1668
8.21729	1668
8.2264	1668
8.23263	1668
8.23363	1668
8.24173	1668
8.24746	1668
8.25131	1668
8.26041	1668
8.26615	1668
8.26999	1668
8.27622	1668
8.28248	1668
8.2858	1668
8.29491	1668
8.30736	1668
8.30736	1668
8.31459	1668
8.32605	1668
8.32605	1668
8.33515	1668
8.34473	1668
8.34473	1668
8.35431	1668
8.36677	1668
8.36677	1668
8.37587	1668
8.38833	1668
8.38833	1668
8.39743	1668
8.40413	1668
8.40413	1668
8.41324	1668
8.42282	1668
8.42282	1668
8.4348	1668
8.44438	1668
8.44438	1668
8.45161	1668
8.46019	1668
8.46019	1668
8.46929	1668
8.48175	1668
8.48175	1668
8.49085	1668
8.50091	1668
8.50091	1668
8.51289	1668
8.52247	1668
8.52247	1668
8.53157	1668
8.54403	1668
8.54403	1668
8.55313	1668
8.56606	1668
8.56606	1668
8.57517	1668
8.58139	1668
8.58139	1668
8.5905	1668
8.60343	1668
8.60343	1668
8.61253	1668
8.62211	1668
8.62211	1668
8.63122	1668
8.6408	1668
8.6418	1668
8.6509	1668
8.66236	1668
8.66336	1668
8.67246	1668
8.68152	1668
8.68252	1668
8.6935	1668
8.72464	1393
8.73709	1393
8.7457	1393
8.75367	1393
8.75865	1393
8.76636	1393
8.77436	1393
8.77546	1393
8.78395	1393
8.79192	1393
8.79602	1393
8.80463	1393
8.8126	1393
8.81471	1393
8.82231	1393
8.83076	1393
8.83387	1393
8.84335	1393
8.85132	1393
8.85543	1393
8.86303	1393
8.87101	1393
8.87699	1393
8.8994	1393
8.9086	1393
8.91771	1393
8.92531	1393
8.93364	1393
8.93927	1393
8.94787	1393
8.95585	1393
8.95795	1393
8.96556	1393
8.97388	1393
8.97999	1393
8.98772	1393
8.99557	1393
8.99867	1393
9.00628	1393
9.01425	1393
9.02023	1393
9.02896	1393
9.03681	1393
9.03891	1393
9.04665	1393
9.05485	1393
9.07005	1393
9.07866	1393
9.08686	1393
9.09497	1393
9.1027	1393
9.1109	1393
9.117	1393
9.12573	1393
9.13358	1393
9.13569	1393
9.14329	1393
9.15114	1393
9.15725	1393
9.16585	1393
9.1733	1393
9.17593	1393
9.18354	1393
9.19174	1393
9.19797	1393
9.20557	1393
9.21342	1393
9.21665	1393
9.22426	1393
9.23869	1393
9.24779	1393
9.25552	1393
9.26372	1393
9.26935	1393
9.27796	1393
9.28516	1393
9.29139	1393
9.29999	1393
9.30784	1393
9.31295	1393
9.32068	1393
9.32888	1393
9.33498	1393
9.34224	1393
9.35056	1393
9.35367	1393
9.36127	1393
9.36912	1393
9.37523	1393
9.38383	1393
9.39128	1393
9.39391	1393
9.40675	1393
9.41595	1393
9.42217	1393
9.43078	1393
9.43863	1393
9.44421	1393
9.45234	1393
9.46054	1393
9.46865	1393
9.47638	1393
9.48458	1393
9.48781	1393
9.49594	1393
9.50314	1393
9.50937	1393
9.51797	1393
9.52582	1393
9.53093	1393
9.53853	1393
9.54686	1393
9.55296	1393
9.56057	1393
9.56842	1393
9.575	1393
9.58448	1393
9.59233	1393
9.59943	1393
9.60704	1393
9.61537	1393
9.62147	1393
9.62908	1393
9.63728	1393
9.64638	1393
9.65499	1393
9.66296	1393
9.66507	1393
9.67367	1393
9.682	1393
9.68663	1393
9.69423	1393
9.70256	1393
9.70866	1393
9.71627	1393
9.72459	1393
9.73022	1393
9.73883	1393
9.74603	1393
9.75513	1393
9.76374	1393
9.77194	1393
9.77717	1393
9.78578	1393
9.79398	1393
9.79873	1393
9.80634	1393
9.81454	1393
9.82364	1393
9.83125	1393
9.83957	1393
9.84568	1393
9.85329	1393
9.85913	1393
9.86724	1393
9.87385	1393
9.88017	1393
9.88927	1393
9.89588	1393
9.90173	1393
9.91083	1393
9.91744	1393
9.92664	1393
9.93575	1393
9.94235	1393
9.94868	1393
9.95778	1393
9.96439	1393
9.97024	1393
9.97934	1393
9.98595	1393
9.99515	1393
10.0043	1393
10.0109	1393
10.0172	1393
10.0263	1393
10.036	1393
10.0477	1393
10.0499	1393
10.0596	1393
10.0709	1393
10.0729	1393
10.0835	1393
10.1077	1209
10.1087	1209
10.1174	1209
10.1293	1209
10.1303	1209
10.1394	1209
10.1542	1209
10.1552	1209
10.165	1209
10.1762	1209
10.1772	1209
10.1869	1209
10.1978	1209
10.1988	1209
10.2098	1209
10.2227	1209
10.2237	1209
10.2328	1209
10.2443	1209
10.2453	1209
10.2567	1209
10.2788	1209
10.2798	1209
10.2889	1209
10.3003	1209
10.3013	1209
10.3104	1209
10.3252	1209
10.3262	1209
10.3353	1209
10.3473	1209
10.3483	1209
10.3574	1209
10.3688	1209
10.3698	1209
10.3784	1209
10.3937	1209
10.3947	1209
10.4038	1209
10.4158	1209
10.4168	1209
10.4278	1209
10.4469	1209
10.4479	1209
10.456	1209
10.4685	1209
10.4695	1209
10.4786	1209
10.4967	1209
10.4977	1209
10.5087	1209
10.5217	1209
10.5227	1209
10.5336	1209
10.5494	1209
10.5504	1209
10.5595	1209
10.5777	1209
10.5787	1209
10.5878	1209
10.5993	1209
10.6003	1209
10.6098	1209
10.6275	1209
10.6285	1209
10.6376	1209
10.6496	1209
10.6506	1209
10.6615	1209
10.6774	1209
10.6784	1209
10.6893	1209
10.7023	1209
10.7033	1209
10.7142	1209
10.7272	1209
10.7282	1209
10.7379	1209
10.7469	1209
10.7489	1209
10.758	1209
10.7665	1209
10.7685	1209
10.7776	1209
10.7861	1209
10.7881	1209
10.7976	1209
10.8068	1209
10.8088	1209
10.8179	1209
10.8265	1209
10.8285	1209
10.8379	1209
10.8465	1209
10.8484	1209
10.8574	1209
10.8661	1209
10.8681	1209
10.8772	1209
10.8869	1209
10.8889	1209
10.898	1209
10.9064	1209
10.9084	1209
10.9173	1209
10.9265	1209
10.9285	1209
10.9377	1213
10.9464	1213
10.9484	1213
10.9571	1213
10.9662	1213
10.9682	1213
10.9778	1213
10.9869	1310
10.9879	1310
10.9943	1310
11.0013	1310
11.0023	1310
11.0095	1310
11.0163	1310
11.0174	1310
11.0244	1310
11.0311	1310
11.0321	1310
11.0399	1310
11.0459	1310
11.046	1310
11.053	1310
11.0609	1310
11.0619	1310
11.0687	1310
11.0758	1310
11.0768	1310
11.0834	1310
11.091	1310
11.092	1310
11.099	1310
11.1041	1310
11.1051	1310
11.1126	1350
11.1196	1350
11.1206	1350
11.1275	1354
11.1335	1354
11.1345	1354
11.1416	1354
11.1481	1374
11.1491	1374
11.1551	1374
11.1628	1374
11.1638	1374
11.1698	1374
11.1769	1374
11.1777	1374
11.1835	1406
11.1907	1406
11.1917	1406
11.1979	1406
11.2038	1406
11.2048	1406
11.2117	1406
11.2175	1406
11.2185	1406
11.2257	1406
11.2314	1406
11.2324	1406
11.2383	1406
11.2454	1406
11.2464	1406
11.252	1406
11.2588	1409
11.2598	1409
11.2664	1409
11.2727	1435
11.2737	1435
11.2794	1435
11.286	1435
11.287	1435
11.2933	1435
11.2999	1435
11.3009	1435
11.3067	1435
11.3139	1458
11.3149	1458
11.3205	1458
11.3265	1458
11.3275	1458
11.3339	1458
11.3399	1458
11.3409	1458
11.347	1458
11.3527	1458
11.3537	1458
11.3605	1458
11.3668	1458
11.3674	1458
11.3733	1458
11.3796	1458
11.3806	1458
11.3867	1458
11.3927	1458
11.3937	1458
11.3995	1475
11.4104	1475
11.4116	1475
11.4212	1475
11.4313	1475
11.433	1475
11.4439	1475
11.4532	1475
11.4552	1475
11.5385	1506
11.5443	1506
11.5453	1506
11.5538	1506
11.5601	1506
11.5611	1506
11.5725	1506
11.5821	1506
11.5831	1506
11.5974	1506
11.6065	1506
11.6075	1506
11.6195	1506
11.6875	1506
11.6885	1506
11.6952	1506
11.7062	1506
11.7072	1506
11.7149	1506
11.7249	1506
11.7259	1506
11.7378	1506
11.7503	1506
11.7513	1506
11.7583	1506
11.7667	1506
11.7677	1506
11.7747	1506
11.7827	1506
11.7837	1506
11.7907	1506
11.8279	1506
11.8289	1506
11.8359	1506
11.844	1506
11.8441	1506
11.8519	1506
11.859	1506
11.86	1506
11.8676	1506
11.8756	1506
11.8766	1506
11.8836	1506
11.8915	1506
11.8925	1506
11.8994	1506
11.9075	1506
11.9085	1506
11.9151	1506
11.9231	1506
11.9241	1506
11.9318	1506
11.9397	1506
11.9407	1506
11.9478	1506
11.9558	1506
11.9568	1506
11.9648	1506
11.9715	1506
11.9725	1506
11.9805	1506
11.9876	1506
11.9886	1506
11.9961	1506
12.0033	1506
12.0042	1506
12.0128	1506
12.0198	1506
12.0208	1506
12.0285	1506
12.0355	1506
12.0365	1506
12.0446	1506
12.0512	1506
12.0522	1506
12.0603	1506
12.0679	1506
12.0689	1506
12.0768	1506
12.0836	1506
12.0856	1506
12.0926	1506
12.0997	1506
12.1017	1506
12.1081	1506
12.1164	1506
12.1174	1506
12.125	1506
12.1328	1506
12.1338	1506
12.1406	1506
12.1485	1506
12.1495	1506
12.1567	1506
12.1642	1506
12.1652	1506
12.1722	1506
12.18	1506
12.181	1506
12.1889	1506
12.197	1506
12.198	1506
12.2045	1506
12.2127	1506
12.2136	1506
12.2202	1506
12.2282	1506
12.2292	1506
12.2361	1506
12.2449	1506
12.2459	1506
12.253	1506
12.2606	1506
12.2616	1506
12.2697	1506
12.2763	1506
12.2773	1506
12.2853	1506
12.2921	1506
12.2931	1506
12.3012	1506
12.3088	1506
12.3098	1506
12.3178	1506
12.3246	1506
12.3256	1506
12.3335	1506
12.3402	1506
12.3412	1506
12.3498	1506
12.356	1506
12.357	1506
12.3655	1506
12.3727	1506
12.3747	1506
12.3813	1506
12.3885	1506
12.3905	1506
12.3971	1506
12.4057	1506
12.4067	1506
12.4133	1506
12.4215	1506
12.4225	1506
12.4291	1506
12.4371	1506
12.4381	1506
12.4459	1506
12.4535	1506
12.4545	1506
12.4612	1506
12.4691	1506
12.4701	1506
12.4772	1506
12.4858	1506
12.4868	1506
12.493	1506
12.5016	1506
12.5026	1506
12.5097	1506
12.5179	1506
12.5189	1506
12.5251	1506
12.5336	1506
12.5346	1506
12.5427	1506
12.5494	1506
12.5504	1506
12.5585	1506
12.5652	1506
12.5662	1506
12.5749	1506
12.5815	1506
12.5825	1506
12.5907	1506
12.5973	1506
12.5983	1506
12.606	1506
12.6136	1506
12.6146	1506
12.6227	1506
12.6294	1506
12.6304	1506
12.6385	1506
12.6458	1506
12.6468	1506
12.6548	1506
12.6614	1506
12.6634	1506
12.6706	1506
12.6773	1506
12.6792	1506
12.6862	1506
12.6941	1506
12.6951	1506
12.7027	1506
12.7103	1506
12.7113	1506
12.7182	1506
12.7261	1506
12.7271	1506
12.7348	1506
12.7424	1506
12.7434	1506
12.7507	1506
12.7582	1506
12.7592	1506
12.7661	1506
12.7745	1506
12.7755	1506
12.7829	1506
12.7902	1506
12.7912	1506
12.7982	1506
12.806	1506
12.807	1506
12.814	1506
12.8224	1506
12.8234	1506
12.8313	1506
12.8382	1506
12.8392	1506
12.8474	1515
12.8546	1515
12.8556	1515
12.8637	1515
12.8703	1515
12.8713	1515
12.8793	1515
12.8861	1515
12.8871	1515
12.8951	1515
12.9024	1543
12.9034	1543
12.9104	1543
12.9182	1551
12.9192	1551
12.9262	1551
12.9333	1551
12.935	1551
12.9429	1551
12.949	1551
12.9503	1551
12.9573	1551
12.9645	1551
12.9651	1551
12.9731	1551
12.9802	1551
12.9814	1551
12.9884	1551
12.9965	1551
12.9975	1551
13.0041	1551
13.0113	1551
13.0123	1551
13.0209	1551
13.0276	1551
13.0286	1551
13.0352	1551
13.0422	1551
13.0433	1551
13.051	1551
13.058	1551
13.0591	1551
13.0664	1551
13.0745	1551
13.0755	1551
13.0822	1551
13.0892	1551
13.0903	1551
13.0974	1551
13.1054	1551
13.1064	1551
13.1133	1551
13.1203	1551
13.1287	1551
13.1295	1551
13.1362	1551
13.144	1551
13.145	1551
13.1526	1556
13.1598	1556
13.1608	1556
13.167	1573
13.1741	1573
13.1751	1573
13.1827	1573
13.1909	1573
13.1919	1573
13.1985	1573
13.2053	1573
13.2063	1573
13.2138	1573
13.2208	1573
13.2218	1573
13.2297	1573
13.2364	1573
13.2374	1573
13.244	1573
13.2512	1573
13.2522	1573
13.2598	1573
13.2668	1573
13.268	1573
13.2752	1573
13.2821	1573
13.2831	1573
13.291	1573
13.2979	1573
13.2989	1573
13.3053	1573
13.3137	1573
13.3147	1573
13.3214	1573
13.3286	1573
13.3292	1573
13.3362	1573
13.3439	1573
13.3445	1573
13.3525	1573
13.3597	1573
13.3603	1573
13.3673	1573
13.3745	1573
13.3755	1573
13.3826	1573
13.3899	1573
13.3909	1573
13.3985	1573
13.4059	1573
13.4069	1573
13.4139	1573
13.4203	1573
13.4213	1573
13.4287	1573
13.4363	1573
13.4373	1573
13.4449	1573
13.4514	1573
13.4524	1573
13.4599	1573
13.4665	1573
13.4675	1573
13.4741	1573
13.4826	1573
13.4836	1573
13.491	1573
13.4974	1573
13.4984	1573
13.5053	1573
13.5124	1573
13.5137	1573
13.5211	1573
13.5285	1573
13.5295	1573
13.5363	1573
13.5436	1573
13.5443	1573
13.5513	1573
13.5596	1573
13.5606	1573
13.5675	1573
13.5747	1573
13.576	1573
13.5823	1573
13.589	1573
13.59	1573
13.5976	1573
13.6059	1573
13.6061	1573
13.6134	1573
13.6202	1573
13.6212	1573
13.6289	1573
13.636	1573
13.637	1573
13.6447	1573
13.6513	1573
13.6523	1573
13.659	1573
13.6661	1573
13.6671	1573
13.6744	1573
13.6816	1573
13.6836	1573
13.6902	1573
13.6973	1573
13.6983	1573
13.7055	1573
13.7127	1573
13.7137	1573
13.7203	1573
13.7285	1573
13.7295	1573
13.7366	1573
13.7439	1573
13.7449	1573
13.7515	1573
13.7582	1573
13.7592	1573
13.7678	1573
13.774	1573
13.775	1573
13.7826	1573
13.7893	1573
13.7901	1573
13.797	1573
13.8042	1573
13.8052	1573
13.8137	1573
13.8205	1573
13.8215	1573
13.8281	1573
13.8353	1573
13.8363	1573
13.8439	1573
13.8516	1573
13.8526	1573
13.8592	1573
13.8664	1573
13.8674	1573
13.8747	1573
13.8818	1573
13.8828	1573
13.8903	1573
13.8976	1573
13.8986	1573
13.9058	1573
13.9129	1573
13.9139	1573
13.9206	1573
13.9274	1604
13.9284	1604
13.9359	1604
13.942	1604
13.944	1604
13.9517	1604
13.9585	1604
13.9595	1604
13.9661	1604
13.9731	1604
13.9742	1604
13.9819	1604
13.9886	1604
13.9896	1604
13.9962	1604
14.0034	1604
14.0044	1604
14.011	1604
14.0188	1604
14.0198	1604
14.0269	1604
14.0337	1604
14.0347	1604
14.0415	1604
14.0485	1604
14.0495	1604
14.0561	1604
14.0638	1604
14.0642	1604
14.072	1604
14.0786	1604
14.0795	1604
14.0863	1604
14.0939	1604
14.0949	1604
14.1011	1604
14.1087	1604
14.1097	1604
14.1164	1604
14.123	1604
14.124	1604
14.131	1604
14.139	1604
14.14	1604
14.146	1604
14.1501	1604
14.1568	1604
14.1578	1604
14.164	1604
14.1687	1604
14.1697	1604
14.1835	1604
14.1926	1604
14.2018	1604
14.2028	1604
14.2127	1604
14.2219	1604
14.2229	1604
14.2321	1604
14.2419	1604
14.2429	1604
14.2524	1604
14.2612	1604
14.2632	1604
14.2721	1604
14.2818	1604
14.2835	1604
14.2924	1604
14.3013	1604
14.3033	1604
14.3124	1604
14.3197	1604
14.3205	1604
14.3271	1604
14.335	1604
14.3417	1604
14.3427	1604
14.3495	1604
14.3564	1613
14.3574	1613
14.3642	1613
14.3719	1644
14.3729	1644
14.3799	1644
14.3868	1644
14.3878	1644
14.3949	1644
14.4011	1644
14.4021	1644
14.4091	1644
14.4159	1644
14.4169	1644
14.4236	1644
14.4309	1644
14.4319	1644
14.4382	1644
14.4456	1644
14.4466	1644
14.4535	1644
14.4605	1644
14.4615	1644
14.4671	1644
14.4741	1644
14.4751	1644
14.4829	1644
14.4898	1644
14.4908	1644
14.4979	1644
14.5046	1644
14.5056	1644
14.5128	1644
14.5186	1644
14.5196	1644
14.5267	1644
14.533	1644
14.5348	1644
14.5414	1644
14.5484	1644
14.5494	1644
14.5562	1644
14.5632	1644
14.5642	1644
14.5707	1644
14.5776	1644
14.5786	1644
14.586	1644
14.5924	1644
14.5934	1644
14.6008	1644
14.6078	1644
14.6088	1644
14.6151	1644
14.6211	1644
14.6221	1644
14.6293	1644
14.6369	1644
14.6379	1644
14.644	1644
14.6512	1644
14.6522	1644
14.6597	1644
14.6661	1644
14.6671	1644
14.6738	1644
14.6804	1644
14.6814	1644
14.6886	1644
14.6953	1644
14.6963	1644
14.7039	1644
14.7106	1644
14.7116	1644
14.7188	1644
14.7245	1644
14.7255	1644
14.7331	1644
14.7398	1644
14.7408	1644
14.7489	1644
14.7556	1644
14.7566	1644
14.7642	1644
14.7709	1644
14.7719	1644
14.78	1644
14.7863	1644
14.7873	1644
14.7954	1644
14.8012	1644
14.8022	1644
14.8092	1644
14.8162	1644
14.8172	1644
14.824	1644
14.832	1644
14.833	1644
14.8392	1644
14.8453	1644
14.8463	1644
14.8533	1644
14.8602	1644
14.8612	1644
14.8686	1644
14.8755	1644
14.8765	1644
14.8839	1644
14.8909	1644
14.8919	1644
14.897	1644
14.9047	1644
14.9057	1644
14.9128	1644
14.919	1644
14.92	1644
14.9273	1644
14.9349	1644
14.9359	1644
14.9421	1644
14.9482	1644
14.9492	1644
14.9564	1644
14.964	1644
14.965	1644
14.9717	1644
14.9793	1644
14.9803	1644
14.9866	1644
14.9951	1644
14.9961	1644
15.0029	1644
15.0105	1644
15.0115	1644
15.0177	1644
15.0263	1644
15.0273	1644
15.0339	1644
15.0409	1644
15.0419	1644
15.0482	1644
15.0552	1644
15.0562	1644
15.0634	1644
15.0705	1644
15.0715	1644
15.0776	1644
15.0843	1644
15.0853	1644
15.0921	1644
15.0997	1644
15.1007	1644
15.1071	1644
15.1146	1644
15.1156	1644
15.1222	1644
15.1289	1644
15.1299	1644
15.1364	1644
15.1433	1644
15.1443	1644
15.1512	1644
15.1582	1644
15.1592	1644
15.1665	1644
15.1734	1644
15.1744	1644
15.1806	1644
15.1873	1644
15.1883	1644
15.196	1644
15.2035	1644
15.2045	1644
15.2108	1644
15.2175	1644
15.2185	1644
15.2251	1644
15.2328	1644
15.2338	1644
15.2409	1644
15.2471	1644
15.2481	1644
15.2562	1644
15.2629	1644
15.2639	1644
15.2707	1644
15.2774	1644
15.2784	1644
15.2856	1644
15.2927	1644
15.2937	1644
15.301	1644
15.3065	1644
15.3075	1644
15.3143	1644
15.3219	1644
15.3229	1644
15.3291	1644
15.3368	1644
15.3378	1644
15.3444	1644
15.3511	1644
15.3521	1644
15.3584	1644
15.3655	1644
15.3665	1644
15.3737	1644
15.3804	1644
15.3814	1644
15.388	1644
15.3966	1644
15.3976	1644
15.4038	1644
15.4101	1644
15.4111	1644
15.4183	1644
15.4259	1644
15.4269	1644
15.434	1644
15.4402	1644
15.4412	1644
15.4474	1644
15.456	1644
15.457	1644
15.4638	1644
15.4713	1644
15.4723	1644
15.4786	1644
15.4871	1644
15.4881	1644
15.4949	1644
15.5016	1644
15.5026	1644
15.5091	1644
15.5169	1644
15.5179	1644
15.5242	1644
15.5319	1644
15.5329	1644
15.5385	1644
15.5452	1644
15.5462	1644
15.554	1644
15.5605	1644
15.5615	1644
15.5685	1644
15.5753	1644
15.5763	1644
15.5831	1644
15.5897	1644
15.5907	1644
15.5979	1644
15.6041	1644
15.6051	1644
15.6124	1644
15.6199	1644
15.6209	1644
15.627	1644
15.6343	1644
15.6353	1644
15.6415	1644
15.6482	1644
15.6492	1644
15.6568	1644
15.6644	1644
15.6654	1644
15.6716	1644
15.6783	1644
15.6793	1644
15.687	1644
15.6937	1644
15.6947	1644
15.7018	1644
15.708	1644
15.709	1644
15.7152	1644
15.7238	1644
15.7248	1644
15.7306	1644
15.7373	1644
15.7383	1644
15.7454	1644
15.7521	1644
15.7531	1644
15.7608	1644
15.7674	1644
15.7684	1644
15.7742	1644
15.7827	1644
15.7837	1644
15.79	1644
15.7962	1644
15.7972	1644
15.8043	1644
15.811	1644
15.812	1644
15.8201	1644
15.8263	1644
15.8273	1644
15.8346	1644
15.8413	1644
15.8423	1644
15.8499	1644
15.8575	1644
15.8585	1644
15.8647	1644
15.8719	1644
15.8729	1644
15.879	1644
15.8867	1644
15.8877	1644
15.8948	1644
15.9011	1644
15.9021	1644
15.9083	1644
15.9169	1644
15.9179	1644
15.9236	1644
15.9303	1644
15.9313	1644
15.9384	1644
15.9457	1644
15.9467	1644
15.9539	1644
15.9605	1644
15.9615	1644
15.9672	1644
15.9758	1644
15.9768	1644
15.982	1644
15.9893	1644
15.9903	1644
15.9974	1644
16.0041	1644
16.0051	1644
16.0132	1644
16.0194	1644
16.0204	1644
16.0276	1644
16.0352	1644
16.0362	1644
16.043	1644
16.0505	1644
16.0515	1644
16.0578	1644
16.0645	1644
16.0655	1644
16.0722	1644
16.0798	1644
16.0808	1644
16.0879	1644
16.0941	1644
16.0951	1644
16.1014	1644
16.1099	1644
16.111	1644
16.1167	1644
16.1234	1644
16.1244	1644
16.1315	1644
16.1387	1644
16.1397	1644
16.147	1644
16.1535	1644
16.1545	1644
16.1603	1644
16.1689	1644
16.1699	1644
16.1751	1644
16.1823	1644
16.1833	1644
16.1904	1644
16.1971	1644
16.1981	1644
16.2062	1644
16.2125	1644
16.2135	1644
16.2207	1644
16.2283	1644
16.2293	1644
16.235	1644
16.2436	1644
16.2446	1644
16.2508	1644
16.2571	1644
16.2581	1644
16.2653	1644
16.2729	1644
16.2739	1644
16.281	1644
16.2872	1644
16.2882	1644
16.2944	1644
16.3011	1644
16.3021	1644
16.3098	1644
16.3165	1644
16.3175	1644
16.3242	1644
16.3318	1644
16.3328	1644
16.339	1644
16.3466	1644
16.3476	1644
16.3534	1644
16.3619	1644
16.3629	1644
16.3682	1644
16.3754	1644
16.3764	1644
16.3835	1644
16.3902	1644
16.3912	1644
16.3993	1644
16.4055	1644
16.4065	1644
16.4138	1644
16.4214	1644
16.4223	1644
16.4281	1644
16.4367	1644
16.4377	1644
16.4439	1644
16.4501	1644
16.4511	1644
16.4584	1644
16.4659	1644
16.4669	1644
16.4741	1644
16.4803	1644
16.4813	1644
16.4885	1644
16.4952	1644
16.4962	1644
16.5038	1644
16.5105	1644
16.5115	1644
16.5183	1644
16.5249	1644
16.5259	1644
16.5321	1644
16.5397	1644
16.5407	1644
16.5474	1644
16.555	1644
16.556	1644
16.5622	1644
16.5695	1644
16.5705	1644
16.5776	1644
16.5843	1644
16.5853	1644
16.5924	1644
16.5996	1644
16.6006	1644
16.6068	1644
16.6144	1644
16.6154	1644
16.6212	1644
16.6297	1644
16.6308	1644
16.637	1644
16.6432	1644
16.6442	1644
16.6514	1644
16.658	1644
16.659	1644
16.6671	1644
16.6733	1644
16.6743	1644
16.6816	1644
16.6883	1644
16.6893	1644
16.6969	1644
16.7036	1644
16.7046	1644
16.7117	1644
16.7179	1644
16.7189	1644
16.7252	1655
16.7327	1655
16.7337	1655
16.7405	1655
16.7472	1655
16.7481	1655
16.7553	1655
16.761	1655
16.762	1655
16.769	1655
16.7763	1655
16.7773	1655
16.7843	1655
16.7917	1655
16.7927	1655
16.7989	1655
16.8055	1655
16.8065	1655
16.8132	1655
16.821	1655
16.822	1655
16.8288	1655
16.8343	1655
16.8353	1655
16.8423	1655
16.8491	1655
16.8501	1655
16.8571	1655
16.8644	1655
16.8654	1655
16.8714	1655
16.8784	1655
16.8793	1655
16.8863	1655
16.8937	1655
16.8947	1655
16.9017	1655
16.908	1655
16.909	1655
16.915	1655
16.9222	1655
16.9238	1655
16.9288	1655
16.9346	1655
16.9353	1655
16.9403	1655
16.9463	1655
16.9463	1655
16.9526	1655
16.9576	1655
16.9586	1655
16.9638	1655
16.9694	1655
16.9704	1655
16.9752	1655
16.9812	1655
16.9812	1655
16.9877	1655
16.993	1655
16.994	1655
16.9992	1687
17.0042	1687
17.0052	1687
17.01	1687
17.019	1687
17.02	1687
17.0293	1687
17.0388	1687
17.0398	1687
17.0483	1687
17.0575	1687
17.0585	1687
17.0675	1687
17.0763	1687
17.0782	1687
17.0864	1687
17.095	1687
17.0979	1687
17.1061	1687
17.1147	1687
17.1167	1687
17.1255	1687
17.1343	1687
17.1353	1687
17.1447	1687
17.1625	1687
17.1625	1687
17.1625	1687
17.1726	1687
17.1784	1687
17.185	1687
17.1928	1687
17.1938	1687
17.1998	1687
17.2067	1687
17.2133	1687
17.2192	1687
17.221	1687
17.2276	1687
17.2346	1687
17.2356	1687
17.2417	1687
17.2484	1687
17.2494	1687
17.2565	1687
17.2621	1687
17.2631	1687
17.2701	1687
17.2774	1687
17.2784	1687
17.2848	1687
17.2915	1687
17.2925	1687
17.2996	1687
17.3072	1687
17.3072	1687
17.3168	1687
17.3259	1687
17.3259	1687
17.3326	1687
17.3417	1687
17.3417	1687
17.357	1687
17.3634	1687
17.3644	1687
17.3715	1687
17.3782	1687
17.3782	1687
17.3852	1687
17.392	1687
17.393	1687
17.3992	1687
17.4069	1687
17.4079	1687
17.414	1687
17.421	1687
17.422	1687
17.4284	1687
17.4353	1687
17.4361	1687
17.4421	1687
17.4497	1687
17.4507	1687
17.4579	1687
17.4635	1687
17.4645	1687
17.472	1687
17.4788	1687
17.4798	1687
17.485	1687
17.4926	1687
17.4936	1687
17.5006	1687
17.5067	1687
17.5077	1687
17.5143	1687
17.521	1687
17.522	1687
17.5286	1687
17.5356	1687
17.5366	1687
17.5433	1687
17.5498	1687
17.5508	1687
17.5574	1687
17.5641	1687
17.5651	1687
17.5712	1687
17.5789	1687
17.5799	1687
17.5866	1687
17.5951	1687
17.5951	1687
17.6024	1687
17.6109	1687
17.6109	1687
17.6177	1687
17.6263	1687
17.6263	1687
17.6332	1687
17.6407	1687
17.6417	1687
17.6478	1687
17.6545	1687
17.6555	1687
17.6623	1687
17.6699	1687
17.6699	1687
17.6761	1687
17.6833	1687
17.6843	1687
17.6914	1687
17.6981	1687
17.6981	1687
17.7059	1687
17.7135	1687
17.7135	1687
17.7207	1687
17.7293	1687
17.7293	1687
17.736	1687
17.7446	1687
17.7446	1687
17.7518	1687
17.7585	1687
17.7595	1687
17.7662	1687
17.7757	1687
17.7757	1687
17.783	1687
17.7916	1687
17.7916	1687
17.7983	1687
17.8069	1687
17.8069	1687
17.8131	1687
17.8227	1687
17.8227	1687
17.8294	1687
17.838	1687
17.838	1687
17.8453	1687
17.8538	1687
17.8538	1687
17.8606	1687
17.8673	1687
17.8683	1687
17.874	1687
17.8816	1687
17.8826	1687
17.8907	1687
17.8974	1687
17.8974	1687
17.9042	1687
17.9128	1687
17.9128	1687
17.92	1687
17.9262	1687
17.9272	1687
17.9343	1687
17.941	1687
17.941	1687
17.9483	1687
17.9564	1687
17.9564	1687
17.9636	1687
17.9722	1687
17.9722	1687
17.9794	1687
17.9875	1687
17.9875	1687
17.9947	1687
18.0033	1687
18.0033	1687
18.0101	1687
18.0186	1687
18.0186	1687
18.0277	1687
18.0344	1687
18.0344	1687
18.0417	1687
18.0498	1687
18.0498	1687
18.0589	1687
18.0656	1687
18.0656	1687
18.0723	1687
18.0809	1687
18.0809	1687
18.0871	1687
18.0949	1687
18.0959	1687
18.1025	1687
18.1092	1687
18.1092	1687
18.1164	1687
18.1245	1687
18.1245	1687
18.1336	1687
18.1403	1687
18.1403	1687
18.1471	1687
18.1557	1687
18.1557	1687
18.1629	1687
18.1691	1687
18.1701	1687
18.1772	1687
18.1839	1687
18.1849	1687
18.1911	1687
18.1993	1687
18.1993	1687
18.2065	1687
18.2151	1687
18.2151	1687
18.2242	1687
18.2304	1687
18.2314	1687
18.2386	1687
18.2462	1687
18.2462	1687
18.2553	1687
18.2615	1687
18.2625	1687
18.2706	1687
18.2773	1687
18.2773	1687
18.2841	1687
18.2927	1687
18.2927	1687
18.3018	1687
18.3085	1687
18.3085	1687
18.3152	1687
18.3238	1687
18.3238	1687
18.33	1687
18.3373	1687
18.3383	1687
18.3454	1687
18.3521	1687
18.3521	1687
18.3593	1687
18.3674	1687
18.3674	1687
18.3746	1687
18.3832	1687
18.3832	1687
18.391	1687
18.3985	1687
18.3985	1687
18.4058	1687
18.412	1687
18.413	1687
18.4201	1687
18.4268	1687
18.4278	1687
18.434	1687
18.4421	1687
18.4421	1687
18.4512	1687
18.4608	1687
18.4608	1687
18.4671	1687
18.4743	1687
18.4753	1687
18.4815	1687
18.4891	1687
18.4891	1687
18.4982	1687
18.5044	1687
18.5054	1687
18.5135	1687
18.5202	1687
18.5202	1687
18.528	1687
18.5356	1687
18.5356	1687
18.5447	1687
18.5514	1687
18.5514	1687
18.5581	1687
18.5667	1687
18.5667	1687
18.5739	1687
18.5802	1687
18.5812	1687
18.5883	1687
18.595	1687
18.596	1687
18.6022	1687
18.6103	1687
18.6103	1687
18.6175	1687
18.6261	1687
18.6261	1687
18.6339	1687
18.6414	1687
18.6414	1687
18.6487	1687
18.6572	1687
18.6572	1687
18.664	1687
18.6717	1687
18.6727	1687
18.6788	1687
18.685	1687
18.686	1687
18.6941	1687
18.7037	1687
18.7037	1687
18.7109	1687
18.7172	1687
18.7182	1687
18.7253	1687
18.732	1687
18.733	1687
18.7411	1687
18.7473	1687
18.7483	1687
18.7564	1687
18.7631	1687
18.7631	1687
18.7704	1687
18.7785	1687
18.7785	1687
18.7876	1687
18.7943	1687
18.7943	1687
18.801	1687
18.8096	1687
18.8096	1687
18.8168	1687
18.8231	1687
18.8241	1687
18.8312	1687
18.8379	1687
18.8389	1687
18.8456	1687
18.8532	1687
18.8532	1687
18.8604	1687
18.869	1687
18.869	1687
18.8768	1687
18.8843	1687
18.8843	1687
18.8916	1687
18.9001	1687
18.9001	1687
18.9079	1687
18.9155	1687
18.9155	1687
18.9227	1687
18.9294	1687
18.9304	1687
18.937	1687
18.9466	1687
18.9466	1687
18.9538	1687
18.9601	1687
18.9611	1687
18.9682	1687
18.9749	1687
18.9759	1687
18.984	1687
18.9902	1687
18.9902	1687
18.9993	1687
19.006	1687
19.006	1687
19.0132	1687
19.0213	1687
19.0213	1687
19.0286	1687
19.0372	1687
19.0372	1687
19.0449	1687
19.0525	1687
19.0525	1687
19.0597	1687
19.0669	1687
19.0679	1687
19.074	1687
19.0808	1687
19.0818	1687
19.089	1687
19.0961	1687
19.0961	1687
19.1052	1687
19.1119	1687
19.1129	1687
19.1196	1687
19.1272	1687
19.1272	1687
19.1345	1687
19.143	1687
19.143	1687
19.1503	1687
19.1584	1687
19.1584	1687
19.1656	1687
19.1723	1687
19.1733	1687
19.1799	1687
19.1866	1687
19.1876	1687
19.1957	1687
19.202	1687
19.203	1687
19.2111	1687
19.2178	1687
19.2188	1687
19.2269	1687
19.2331	1687
19.2331	1687
19.2422	1687
19.2489	1687
19.2499	1687
19.2567	1687
19.2642	1687
19.2642	1687
19.2715	1687
19.2801	1687
19.2801	1687
19.2878	1687
19.2954	1687
19.2954	1687
19.3026	1687
19.3093	1687
19.3103	1687
19.3169	1687
19.3236	1687
19.3246	1687
19.3319	1687
19.339	1687
19.339	1687
19.3481	1687
19.3548	1687
19.3558	1687
19.362	1687
19.3701	1687
19.3701	1687
19.3773	1687
19.3859	1687
19.3859	1687
19.3927	1687
19.4013	1687
19.4013	1687
19.4085	1687
19.4152	1687
19.4162	1687
19.4228	1687
19.4295	1687
19.4305	1687
19.4386	1687
19.4453	1687
19.4453	1687
19.454	1687
19.4607	1687
19.4607	1687
19.4698	1687
19.476	1687
19.477	1687
19.4851	1687
19.4918	1687
19.4928	1687
19.4996	1687
19.5071	1687
19.5071	1687
19.5144	1687
19.5229	1687
19.5229	1687
19.5297	1687
19.5383	1687
19.5383	1687
19.5455	1687
19.5522	1687
19.5532	1687
19.5598	1687
19.5665	1687
19.5675	1687
19.5748	1687
19.5819	1687
19.5819	1687
19.591	1687
19.5977	1687
19.5977	1687
19.6049	1687
19.613	1687
19.613	1687
19.6202	1687
19.6288	1687
19.6288	1687
19.6356	1687
19.6422	1687
19.6432	1687
19.6491	1687
19.6566	1687
19.6576	1687
19.6646	1687
19.6704	1687
19.6714	1687
19.6784	1687
19.6858	1687
19.6868	1687
19.6922	1687
19.6999	1687
19.7006	1687
19.7076	1687
19.7137	1687
19.7147	1687
19.7219	1687
19.729	1687
19.73	1687
19.7357	1687
19.7429	1687
19.7439	1687
19.75	1687
19.756	1687
19.7573	1687
19.765	1687
19.7716	1687
19.7726	1687
19.7782	1687
19.7852	1687
19.7862	1687
19.7936	1687
19.7996	1687
19.8006	1687
19.8075	1687
19.8144	1687
19.8154	1687
19.8217	1687
19.8288	1687
19.8298	1687
19.8349	1687
19.8406	1687
19.8406	1687
19.8463	1687
19.8513	1687
19.8523	1687
19.8579	1687
19.8631	1687
19.8631	1687
19.8694	1687
19.8744	1687
19.8754	1687
19.8805	1687
19.8852	1687
19.8862	1687
19.8929	1687
19.8976	1687
19.8995	1687
19.9057	1687
19.911	1687
19.912	1687
19.9211	1687
19.9268	1687
19.9278	1687
19.9335	1687
19.9401	1687
19.9431	1687
19.9493	1687
19.9541	1687
19.9589	1687
19.9647	1687
19.9713	1687
19.9742	1687
19.9805	1687
19.9857	1687
19.9867	1687
19.9958	1687
