0.0430974	1	34	1404
0.0459696	2	36	1406
0.0463456	3	37	206
0.0493136	4	40	1406
0.0521856	5	43	1406
0.0525616	6	43	206
0.0555296	7	46	1406
0.0584016	8	49	1406
0.0587776	9	49	206
0.0617456	10	52	1406
0.0646176	11	55	1406
0.0649936	12	52	206
0.0679616	13	55	1406
0.0708336	14	54	1406
0.103702	15	30	206
0.10667	16	33	1406
0.11351	17	33	1406
0.117134	18	31	206
0.120102	19	34	1406
0.124942	20	33	1406
0.125598	21	30	206
0.12919	22	33	1406
0.132158	23	33	1406
0.133438	24	31	206
0.13703	25	34	1406
0.14003	26	34	1406
0.140438	27	31	206
0.143406	28	34	1406
0.146278	29	34	1406
0.146654	30	31	206
0.15003	31	34	1406
0.15303	32	34	1406
0.153438	33	31	206
0.156406	34	34	1406
0.159278	35	34	1406
0.159654	36	31	206
0.162622	37	34	1406
0.165494	38	34	1406
0.16587	39	31	206
0.168899	40	33	1406
0.171771	41	34	1406
0.172147	42	33	206
0.175115	43	36	1406
0.177987	44	36	1406
0.178835	45	34	206
0.181803	46	37	1406
0.187547	47	41	1406
0.187923	48	39	206
0.190891	49	42	1406
0.193763	50	43	1406
0.194139	51	42	206
0.197107	52	44	1406
0.199979	53	44	1406
0.203227	54	46	206
0.206195	55	49	1406
0.209067	56	50	1406
0.209443	57	48	206
0.212411	58	50	1406
0.215283	59	51	1406
0.216131	60	50	206
0.219099	61	53	1406
0.224843	62	56	1406
0.225219	63	55	206
0.228187	64	58	1406
0.233931	65	60	1406
0.234309	66	59	207
0.237279	67	62	1407
0.240625	68	63	1407
0.243875	69	64	207
0.246845	70	67	1407
0.249719	71	68	1407
0.250097	72	67	207
0.255939	73	71	1407
0.258813	74	72	1407
0.259191	75	71	207
0.262633	76	74	1407
0.268379	77	78	1407
0.268757	78	76	207
0.274599	79	81	1407
0.277473	80	82	1407
0.278323	81	80	207
0.281293	82	83	1407
0.287039	83	88	1407
0.287417	84	86	207
0.290387	85	89	1407
0.293261	86	91	1407
0.296511	87	91	207
0.299481	88	94	1407
0.302355	89	96	1407
0.302733	90	94	207
0.305703	91	97	1407
0.309049	92	100	1407
0.312299	93	101	207
0.315269	94	104	1407
0.318143	95	106	1407
0.321393	96	104	207
0.324363	97	107	1407
0.327237	98	109	1407
0.330959	99	110	207
0.333929	100	113	1407
0.336803	101	115	1407
0.337181	102	114	207
0.340151	103	117	1407
0.343025	104	119	1407
0.346275	105	119	207
0.349245	106	122	1407
0.352119	107	124	1407
0.352497	108	122	207
0.355467	109	125	1407
0.358813	110	127	1407
0.362063	111	126	207
0.365033	112	129	1407
0.370779	113	133	1407
0.371157	114	132	207
0.374127	115	135	1407
0.377001	116	137	1407
0.377851	117	135	207
0.380821	118	138	1407
0.386567	119	143	1407
0.386945	120	141	207
0.389915	121	144	1407
0.392789	122	146	1407
0.396039	123	147	207
0.399009	124	150	1407
0.401883	125	151	1407
0.405605	126	151	207
0.408575	127	154	1407
0.411449	128	156	1407
0.414699	129	156	207
0.417669	130	159	1407
0.420543	131	161	1407
0.424265	132	160	207
0.427235	133	163	1407
0.430109	134	165	1407
0.433359	135	166	207
0.436329	136	169	1407
0.439203	137	171	1407
0.439581	138	169	207
0.442551	139	172	1407
0.445425	140	174	1407
0.449147	141	173	207
0.454989	142	178	1407
0.457863	143	180	1407
0.458241	144	179	207
0.461211	145	182	1407
0.461589	147	175	207
0.464559	148	178	1407
0.467433	149	180	1407
0.467811	150	179	207
0.470781	151	182	1407
0.479871	155	181	1407
0.483593	156	179	207
0.486563	157	182	1407
0.489437	158	182	1407
0.489815	159	178	207
0.492785	160	181	1407
0.496131	161	179	1407
0.499381	162	179	207
0.503199	165	174	207
0.506169	166	177	1407
0.509043	167	177	1407
0.512293	168	177	207
0.515263	169	180	1407
0.518137	170	179	1407
0.521859	171	176	207
0.524829	172	179	1407
0.527703	173	179	1407
0.530953	174	176	207
0.533923	175	179	1407
0.536797	176	179	1407
0.537175	177	173	207
0.540145	178	176	1407
0.546367	179	180	1407
0.546745	180	176	207
0.549715	181	179	1407
0.552589	182	179	1407
0.552967	183	173	207
0.555937	184	176	1407
0.561685	185	179	1407
0.562063	186	177	207
0.565033	187	180	1407
0.567907	188	179	1407
0.571633	189	176	207
0.574603	190	179	1407
0.580351	191	180	1407
0.580729	192	176	207
0.583699	193	179	1407
0.586573	194	179	1407
0.586951	195	176	207
0.589921	196	179	1407
0.596143	197	180	1407
0.596521	198	176	207
0.599491	199	179	1407
0.602365	200	180	1407
0.602743	201	173	207
0.605713	202	176	1407
0.611461	203	180	1407
0.615187	204	177	207
0.618157	205	180	1407
0.621031	206	180	1407
0.621409	207	174	207
0.624379	208	177	1407
0.627253	209	177	1407
0.630505	210	173	207
0.633475	211	176	1407
0.636349	212	176	1407
0.640075	213	174	207
0.643045	214	177	1407
0.645919	215	176	1407
0.646297	216	174	207
0.649267	217	177	1407
0.655015	218	180	1407
0.661615	219	176	207
0.664585	220	179	1407
0.667459	221	180	1407
0.667837	222	176	207
0.670807	223	179	1407
0.673685	224	181	1409
0.677033	225	183	1407
0.677411	226	180	207
0.680381	227	183	1407
0.683255	228	183	1407
0.686133	229	177	1409
0.686515	230	176	209
0.689489	231	179	1409
0.689867	232	178	207
0.692837	233	181	1407
0.695711	234	179	1407
0.699437	235	180	207
0.702407	236	183	1407
0.705281	237	183	1407
0.706133	238	180	207
0.711981	240	178	1409
0.714859	241	180	1409
0.717733	242	181	1407
0.718111	243	179	207
0.721081	244	182	1407
0.727303	245	182	1407
0.736399	248	182	1407
0.739651	249	182	207
0.745497	251	181	1407
0.745875	252	179	207
0.748845	253	182	1407
0.751719	254	181	1407
0.755445	255	179	207
0.758417	256	182	1408
0.761293	257	182	1408
0.767517	260	181	1408
0.770771	261	179	208
0.773743	262	182	1408
0.776619	263	181	1408
0.776999	264	178	208
0.779971	265	181	1408
0.786573	267	176	208
0.789545	268	179	1408
0.795769	269	182	1408
0.796149	270	180	208
0.799121	271	183	1408
0.801997	272	181	1408
0.802377	273	176	208
0.805349	274	179	1408
0.811099	275	182	1408
0.811479	276	179	208
0.814451	277	182	1408
0.817327	278	182	1408
0.821055	279	180	208
0.826901	281	178	1408
0.827281	282	176	208
0.830253	283	179	1408
0.833129	284	179	1408
0.833509	285	176	208
0.836481	286	179	1408
0.842705	287	179	1408
0.843085	288	177	208
0.846057	289	180	1408
0.848933	290	175	1408
0.849313	291	173	208
0.852285	292	176	1408
0.858035	293	179	1408
0.861763	294	176	208
0.864735	295	179	1408
0.867611	296	173	1408
0.867991	297	170	208
0.870963	298	173	1408
0.876713	299	176	1408
0.877093	300	174	208
0.880065	301	177	1408
0.882941	302	175	1408
0.886669	303	176	208
0.889641	304	179	1408
0.892517	305	179	1408
0.892897	306	176	208
0.895869	307	179	1408
0.898745	308	179	1408
0.901999	309	179	208
0.904971	310	182	1408
0.907847	311	182	1408
0.911575	312	179	208
0.914547	313	182	1408
0.917903	315	173	1411
0.918283	316	165	208
0.921255	317	167	1408
0.924131	318	161	1408
0.933147	319	160	211
0.936125	320	162	1411
0.948111	321	165	1411
0.948491	322	156	208
0.951463	323	157	1408
0.960945	324	157	211
0.963923	325	159	1411
0.973021	326	160	1408
0.978779	327	155	1411
0.985385	328	153	208
0.988357	329	155	1408
0.997455	330	155	1408
0.997835	331	145	208
1.00081	332	147	1408
1.00991	333	147	1411
1.01566	334	144	1408
1.01939	335	139	208
1.02236	336	140	1408
1.02811	337	137	1408
1.03184	338	131	208
1.03481	339	133	1408
1.04056	340	129	1408
1.04094	341	120	208
1.04391	342	122	1408
1.05014	343	120	1408
1.05339	344	113	208
1.05636	345	115	1408
1.06547	346	115	1411
1.07169	347	110	1408
1.07494	348	102	208
1.07792	349	103	1408
1.08702	350	102	1408
1.0874	351	91	208
1.09325	352	95	1408
1.10569	353	96	1408
1.11182	354	97	208
1.11527	355	100	1408
1.12389	356	103	1408
1.12762	357	102	208
1.13347	358	107	1408
1.14256	359	111	1408
1.14917	360	112	208
1.15214	361	115	1408
1.16124	362	118	1408
1.16784	363	119	208
1.17081	364	122	1408
1.17991	365	125	1408
1.18364	366	124	208
1.18661	367	126	1408
1.19571	368	130	1408
1.19609	369	126	208
1.19906	370	129	1408
1.20481	371	130	1408
1.20854	372	130	208
1.21151	373	132	1408
1.21726	374	134	1408
1.21764	375	131	208
1.22061	376	133	1408
1.22683	377	135	1408
1.23009	378	135	208
1.23306	379	138	1408
1.23594	380	136	1408
1.23966	381	136	208
1.24264	382	138	1408
1.24839	383	140	1408
1.24877	384	137	208
1.25174	385	139	1408
1.25461	386	138	1408
1.25834	387	138	208
1.26131	388	141	1408
1.26706	389	143	1408
1.26744	390	139	208
1.27042	391	141	1408
1.27951	392	147	1408
1.28324	393	147	208
1.28621	394	149	1408
1.29531	395	154	1408
1.29857	396	153	208
1.30154	397	156	1408
1.30441	398	155	1408
1.30814	399	155	208
1.31399	400	159	1408
1.31686	401	159	1408
1.32059	402	159	208
1.32644	403	164	1408
1.33266	404	166	1408
1.33592	405	165	208
1.33889	406	168	1408
1.34511	407	171	1408
1.34884	408	170	208
1.35469	409	176	1408
1.36044	410	178	1408
1.36416	411	178	208
1.36714	412	180	1408
1.37374	414	178	208
1.37671	415	181	1408
1.38284	417	179	208
1.38581	418	182	1408
1.40737	422	182	1408
1.41062	423	181	208
1.41695	425	182	1408
1.42356	426	182	208
1.42786	429	177	208
1.43083	430	179	1408
1.43658	431	180	1408
1.44319	432	180	208
1.44664	434	179	1408
1.4499	435	177	208
1.45287	436	180	1408
1.4591	437	181	1408
1.45948	438	178	208
1.46245	439	180	1408
1.46618	441	175	208
1.46915	442	178	1408
1.47826	443	181	1408
1.48151	444	181	208
1.48784	446	178	1408
1.49444	447	178	208
1.49742	448	181	1408
1.50077	449	175	1408
1.50402	450	173	208
1.507	451	175	1408
1.51322	452	178	1408
1.51648	453	172	208
1.51945	454	175	1408
1.52568	455	177	1408
1.52894	456	172	208
1.53191	457	175	1408
1.54101	458	179	1408
1.54474	459	176	208
1.54772	460	179	1408
1.55059	461	175	1408
1.5572	462	173	208
1.56017	463	176	1408
1.56592	464	175	1408
1.56966	465	172	208
1.57263	466	175	1408
1.57839	467	175	1411
1.58461	468	178	1408
1.59037	469	178	1411
1.59075	470	175	208
1.59372	471	177	1408
1.60906	472	172	1411
1.6128	473	172	211
1.61578	474	174	1411
1.62153	475	176	1408
1.62441	476	175	1411
1.63151	477	178	208
1.63448	478	181	1408
1.63736	479	180	1408
1.6436	480	182	1411
1.65021	482	181	208
1.65702	485	180	1411
1.66075	486	179	208
1.66411	489	175	208
1.67043	490	180	1408
1.67993	493	178	208
1.6829	494	180	1408
1.68577	495	177	1408
1.69489	496	177	1411
1.69862	497	178	208
1.74761	499	167	1408
1.75374	500	163	208
1.75671	501	166	1408
1.76006	502	164	1408
1.7662	503	164	208
1.76917	504	167	1408
1.7754	505	167	1408
1.77865	506	164	208
1.78162	507	167	1408
1.7845	508	164	1408
1.78488	509	159	208
1.78833	510	162	1408
1.79408	511	155	1408
1.79734	512	152	208
1.80031	513	155	1408
1.80318	514	152	1408
1.80404	515	148	208
1.80701	516	150	1408
1.81276	517	148	1408
1.81314	518	144	208
1.81612	519	146	1408
1.82187	520	146	1408
1.82475	521	143	1411
1.82811	522	141	1411
1.83387	523	141	1411
1.83675	524	138	1411
1.84251	525	139	1411
1.84289	526	133	208
1.84586	527	136	1408
1.84874	528	133	1411
1.85451	529	133	1411
1.85738	530	131	1408
1.86112	531	129	208
1.8641	532	132	1408
1.86697	533	128	1408
1.86735	534	123	208
1.87032	535	126	1408
1.88185	536	95	1411
1.88761	537	95	1408
1.88799	538	88	208
1.89096	539	91	1408
1.89672	540	90	1408
1.8971	541	85	208
1.90007	542	87	1408
1.90583	543	86	1408
1.90957	544	84	208
1.91542	545	89	1408
1.92117	546	89	1408
1.92778	547	88	208
1.93075	548	90	1408
1.93698	549	90	1408
1.94071	550	88	208
1.94656	551	93	1408
1.95231	552	93	1408
1.95604	553	91	208
1.96189	554	95	1408
1.96812	555	96	1408
1.97137	556	92	208
1.9777	557	97	1408
1.98345	558	97	1408
1.98718	559	95	208
1.99015	560	97	1408
1.99926	561	100	1408
2.00251	562	97	208
2.00548	563	99	1408
2.01459	564	101	1408
2.01832	565	99	208
2.02129	566	101	1408
2.02704	567	101	1408
2.03365	568	101	208
2.03662	569	103	1408
2.04285	570	103	1408
2.04658	571	101	208
2.05243	572	106	1408
2.05818	573	105	1408
2.06192	574	102	208
2.06776	575	107	1408
2.07399	576	107	1408
2.07725	577	105	208
2.0807	578	107	1408
2.08932	579	110	1408
2.09306	580	107	208
2.09603	581	109	1408
2.10513	582	112	1408
2.10839	583	109	208
2.11136	584	111	1408
2.12046	585	114	1408
2.1242	586	112	208
2.12717	587	114	1408
2.13292	588	113	1408
2.13953	589	113	208
2.1425	590	115	1408
2.14873	591	115	1408
2.15534	592	116	208
2.15831	593	118	1408
2.16406	594	118	1408
2.16779	595	115	208
2.17364	596	120	1408
2.17987	597	119	1408
2.1836	598	117	208
2.18945	599	122	1408
2.1952	600	122	1408
2.19893	601	119	208
2.2019	602	121	1408
2.21101	603	125	1408
2.21426	604	122	208
2.21724	605	124	1408
2.22634	606	126	1408
2.23007	607	124	208
2.23304	608	126	1408
2.24215	609	129	1408
2.2454	610	126	208
2.24838	611	128	1408
2.2546	612	128	1408
2.26121	613	128	208
2.26418	614	131	1408
2.26994	615	129	1408
2.27654	616	130	208
2.27952	617	132	1408
2.28574	618	132	1408
2.289	619	130	208
2.29245	620	132	1408
2.30108	621	135	1408
2.30481	622	131	208
2.31066	623	136	1408
2.31688	624	136	1408
2.32014	625	134	208
2.32311	626	136	1408
2.33222	627	139	1408
2.33595	628	136	208
2.33892	629	138	1408
2.34802	630	141	1408
2.35128	631	138	208
2.35425	632	140	1408
2.36048	633	140	1408
2.36709	634	141	208
2.37006	635	143	1408
2.37581	636	142	1408
2.37954	637	140	208
2.38539	638	145	1408
2.39162	639	144	1408
2.39823	640	145	208
2.4012	641	147	1408
2.40695	642	146	1408
2.41068	643	144	208
2.41366	644	146	1408
2.42276	645	149	1408
2.42649	646	146	208
2.42946	647	149	1408
2.43809	648	151	1408
2.44182	649	148	208
2.4448	650	150	1408
2.45102	651	151	1408
2.45716	652	151	208
2.46013	653	153	1408
2.46923	654	156	1408
2.47296	655	152	208
2.47594	656	154	1408
2.48216	657	155	1408
2.4883	658	155	208
2.49127	659	157	1408
2.4975	660	157	1408
2.5041	661	158	208
2.50708	662	160	1408
2.51283	663	158	1408
2.51656	664	156	208
2.52241	665	161	1408
2.52864	666	161	1408
2.53189	667	161	208
2.53486	668	163	1408
2.53822	669	164	1408
2.54147	670	164	208
2.54444	671	167	1408
2.5502	672	169	1408
2.55393	673	169	208
2.5569	674	172	1408
2.55978	675	172	1408
2.56303	676	172	208
2.566	677	175	1408
2.57223	678	178	1408
2.57261	679	175	208
2.57846	680	180	1408
2.58134	681	180	1408
2.58507	682	181	208
2.58804	683	183	1408
2.59092	684	182	1408
2.5913	685	180	208
2.59474	686	182	1408
2.59762	687	182	1408
2.598	688	180	208
2.60097	689	182	1408
2.60423	691	179	208
2.6072	693	179	1408
2.61093	694	178	208
2.61428	697	176	208
2.61726	698	178	1408
2.62386	700	178	208
2.62684	701	180	1408
2.63057	703	178	208
2.63354	704	181	1408
2.63642	705	180	1408
2.64015	706	181	208
2.64312	708	181	1408
2.64685	709	178	208
2.64982	710	181	1408
2.6527	711	181	1408
2.65308	712	179	208
2.65605	713	181	1408
2.65978	715	178	208
2.66898	717	181	1408
2.66936	718	179	208
2.67234	719	182	1408
2.67521	720	182	1408
2.67894	721	179	208
2.68527	723	179	1408
2.68852	724	176	208
2.6915	725	179	1408
2.7006	726	179	1408
2.70146	727	174	208
2.70443	728	177	1408
2.71353	729	176	1408
2.72014	730	178	208
2.72311	731	181	1408
2.73222	732	180	1408
2.73547	733	177	208
2.73844	734	180	1408
2.7418	735	177	1408
2.74505	736	177	208
2.74802	737	180	1408
2.75138	738	177	1408
2.75798	739	177	208
2.76383	741	176	1408
2.76756	742	178	208
2.77054	743	181	1408
2.77629	744	180	1408
2.78002	745	178	208
2.78299	746	180	1408
2.78587	747	177	1408
2.7896	748	178	208
2.79257	749	181	1408
2.79832	750	180	1408
2.7987	751	177	208
2.80168	752	180	1408
2.80541	754	178	208
2.80838	755	181	1408
2.81126	756	180	1408
2.81414	757	180	1411
2.8266	758	166	1411
2.83237	759	168	1411
2.83525	760	167	1411
2.83813	761	165	1411
2.84678	762	169	1411
2.85014	763	169	1411
2.8534	764	168	208
2.85925	765	173	1408
2.86213	766	172	1411
2.86836	767	174	1408
2.89522	768	165	1411
2.90145	769	166	1411
2.90806	770	165	208
2.91103	771	168	1408
2.91967	772	166	1408
2.92628	773	164	208
2.92925	774	167	1408
2.935	775	167	1408
2.94161	776	168	208
2.94458	777	170	1408
2.95082	778	171	1408
2.95407	779	169	208
2.95705	780	172	1408
2.96616	781	173	1411
2.97191	782	173	1408
2.97564	783	172	208
2.97861	784	174	1408
2.98436	785	175	1408
2.9881	786	173	208
2.99395	787	177	1408
2.9997	788	178	1408
3.00344	789	177	208
3.00641	790	179	1408
3.00929	791	176	1408
3.01217	792	174	1411
3.01255	793	169	208
3.0184	794	174	1408
3.02463	795	174	1408
3.02501	796	170	208
3.02798	797	171	1408
3.03661	798	175	1408
3.04034	799	173	208
3.04332	800	176	1408
3.04619	801	173	1408
3.04945	802	171	208
3.05242	803	173	1408
3.0553	804	171	1408
3.06191	805	171	208
3.06488	806	174	1408
3.07063	807	174	1408
3.07437	808	173	208
3.07734	809	175	1408
3.08309	810	176	1408
3.08682	811	173	208
3.09602	812	171	1408
3.10177	813	170	1408
3.10551	814	167	208
3.10848	815	167	1408
3.11758	816	168	1408
3.12084	817	164	208
3.12716	818	168	1408
3.13291	819	167	1408
3.13665	820	165	208
3.14249	821	168	1408
3.14872	822	168	1408
3.15198	823	166	208
3.15495	824	167	1408
3.16405	825	168	1408
3.16779	826	165	208
3.17076	827	168	1408
3.17699	828	168	1408
3.18312	829	169	208
3.18609	830	172	1408
3.19232	831	168	1408
3.19557	832	166	208
3.2019	833	171	1408
3.20765	834	171	1408
3.21138	835	170	208
3.21435	836	172	1408
3.22011	837	173	1408
3.22384	838	171	208
3.22681	839	173	1408
3.23256	840	173	1408
3.23629	841	172	208
3.23927	842	174	1408
3.24502	843	175	1408
3.25163	844	175	208
3.2546	845	178	1408
3.26083	846	178	1408
3.26121	847	174	208
3.26706	848	179	1408
3.27281	849	179	1408
3.27654	850	177	208
3.27952	851	179	1408
3.28527	852	180	1408
3.289	853	179	208
3.29197	854	180	1408
3.29772	855	181	1408
3.30433	856	178	208
3.3073	857	181	1408
3.31353	858	181	1408
3.31679	859	178	208
3.31976	860	181	1408
3.32886	861	181	1408
3.3326	862	175	208
3.33557	863	178	1408
3.3418	864	178	1408
3.34793	865	175	208
3.3509	866	178	1408
3.35713	867	179	1408
3.36086	868	175	208
3.36383	869	178	1408
3.37246	870	178	1408
3.37619	871	176	208
3.37916	872	179	1408
3.38539	873	178	1408
3.39152	874	175	208
3.3945	875	178	1408
3.40072	876	178	1408
3.40733	877	176	208
3.4103	878	179	1408
3.41606	879	179	1408
3.41979	880	175	208
3.42276	881	178	1408
3.42851	882	178	1408
3.43512	883	179	208
3.43809	884	182	1408
3.44432	885	182	1408
3.44758	886	178	208
3.45055	887	181	1408
3.45678	888	181	1408
3.46338	889	179	208
3.46636	890	182	1408
3.47211	891	182	1408
3.47584	892	178	208
3.47881	893	181	1408
3.48456	894	181	1408
3.48542	895	176	208
3.48839	896	179	1408
3.49462	897	179	1408
3.50075	898	178	208
3.50372	899	181	1408
3.50995	900	181	1408
3.51368	901	176	208
3.51666	902	179	1408
3.52528	903	182	1408
3.52902	904	180	208
3.53199	905	182	1408
3.53774	906	179	1408
3.54147	907	176	208
3.54444	908	179	1408
3.55355	909	182	1408
3.5568	910	175	208
3.55978	911	178	1408
3.566	912	179	1408
3.57261	913	179	208
3.57558	914	182	1408
3.58134	915	179	1408
3.58507	916	176	208
3.58804	917	179	1408
3.59427	918	179	1408
3.6004	919	176	208
3.60337	920	179	1408
3.6096	921	179	1408
3.61621	922	176	208
3.61918	923	179	1408
3.62493	924	178	1408
3.62866	925	176	208
3.63164	926	179	1408
3.63786	927	179	1408
3.644	928	175	208
3.64697	929	178	1408
3.6532	930	179	1408
3.6598	931	179	208
3.66278	932	182	1408
3.66853	933	182	1408
3.67226	934	176	208
3.67523	935	179	1408
3.68098	936	178	1408
3.68759	937	179	208
3.69056	938	182	1408
3.69679	939	182	1408
3.70005	940	181	208
3.70302	941	183	1408
3.70963	943	176	208
3.7126	944	179	1408
3.71883	945	178	1408
3.72544	946	179	208
3.72841	947	182	1408
3.73416	948	179	1408
3.73742	949	175	208
3.74039	950	178	1408
3.74662	951	178	1408
3.74988	952	175	208
3.75285	953	178	1408
3.76195	954	178	1408
3.76569	955	176	208
3.76866	956	179	1408
3.77441	957	178	1408
3.78102	958	176	208
3.78399	959	178	1408
3.79022	960	179	1408
3.79347	961	175	208
3.79645	962	178	1408
3.80267	963	178	1408
3.80928	964	176	208
3.81225	965	179	1408
3.81801	966	179	1408
3.82461	967	175	208
3.82759	968	178	1408
3.83381	969	178	1408
3.83707	970	176	208
3.84004	971	179	1408
3.84627	972	179	1408
3.85288	973	175	208
3.85585	974	178	1408
3.8616	975	178	1408
3.86821	976	176	208
3.87118	977	179	1408
3.87741	978	179	1408
3.88067	979	175	208
3.88364	980	178	1408
3.88987	981	178	1408
3.89647	982	176	208
3.89945	983	179	1408
3.9052	984	179	1408
3.90893	985	175	208
3.9119	986	178	1408
3.91766	987	178	1411
3.92389	988	179	1408
3.92714	989	178	208
3.93012	990	180	1408
3.93922	991	181	1408
3.94295	992	178	208
3.94592	993	181	1408
3.95168	994	181	1408
3.95541	995	179	208
3.95838	996	182	1408
3.96413	997	182	1408
3.97074	998	178	208
3.97371	999	181	1408
3.97994	1000	181	1408
3.9832	1001	179	208
3.98617	1002	182	1408
3.99527	1003	181	1408
3.999	1004	179	208
4.00198	1005	181	1408
4.00773	1006	181	1408
4.01146	1007	179	208
4.01443	1008	182	1408
4.01731	1009	175	1408
4.02056	1010	172	208
4.02354	1011	175	1408
4.03264	1012	175	1408
4.03637	1013	173	208
4.03934	1014	176	1408
4.0451	1015	175	1408
4.04883	1016	172	208
4.0518	1017	175	1408
4.05803	1018	173	1408
4.06416	1019	173	208
4.06713	1020	176	1408
4.07336	1021	172	1408
4.08907	1022	160	208
4.09204	1023	163	1408
4.10115	1024	165	1408
4.10488	1025	161	208
4.10785	1026	163	1408
4.1136	1027	163	1408
4.12021	1028	163	208
4.12318	1029	165	1408
4.12941	1030	165	1408
4.13267	1031	161	208
4.13564	1032	162	1408
4.14187	1033	162	1408
4.14848	1034	162	208
4.15145	1035	164	1408
4.1572	1036	164	1408
4.16093	1037	160	208
4.1639	1038	162	1408
4.16966	1039	162	1408
4.17626	1040	162	208
4.17924	1041	164	1408
4.18546	1042	164	1408
4.18872	1043	160	208
4.19169	1044	162	1408
4.19792	1045	161	1408
4.20165	1046	159	208
4.2075	1047	164	1408
4.21325	1048	163	1408
4.21698	1049	160	208
4.21996	1050	162	1408
4.22906	1051	165	1408
4.23232	1052	162	208
4.23529	1053	164	1408
4.24152	1054	163	1408
4.24477	1055	159	208
4.24774	1056	161	1408
4.25397	1057	161	1408
4.25723	1058	158	208
4.2602	1059	160	1408
4.2693	1060	163	1408
4.27304	1061	160	208
4.27888	1062	159	1408
4.28176	1063	157	1408
4.28549	1064	156	208
4.28846	1065	158	1408
4.31002	1066	151	1408
4.31328	1067	148	208
4.31625	1068	151	1408
4.32248	1069	151	1408
4.32909	1070	148	208
4.33206	1071	151	1408
4.33781	1072	150	1408
4.34154	1073	147	208
4.34452	1074	150	1408
4.35027	1075	150	1408
4.35688	1076	147	208
4.35985	1077	150	1408
4.36608	1078	151	1408
4.36933	1079	148	208
4.3723	1080	151	1408
4.37853	1081	150	1408
4.38514	1082	148	208
4.38811	1083	151	1408
4.39386	1084	150	1408
4.3976	1085	147	208
4.40057	1086	150	1408
4.40967	1087	150	1408
4.41293	1088	147	208
4.4159	1089	150	1408
4.42213	1090	151	1408
4.42538	1091	148	208
4.42836	1092	151	1408
4.43458	1093	150	1408
4.43832	1094	148	208
4.44129	1095	151	1408
4.44992	1096	150	1408
4.45652	1097	148	208
4.4595	1098	151	1408
4.46572	1099	153	1408
4.46898	1100	150	208
4.47195	1101	153	1408
4.48728	1102	147	1408
4.49102	1103	145	208
4.49399	1104	147	1408
4.49974	1105	147	1408
4.50635	1106	144	208
4.50932	1107	147	1408
4.51555	1108	148	1408
4.5188	1109	144	208
4.52178	1110	147	1408
4.528	1111	148	1408
4.53461	1112	145	208
4.53758	1113	148	1408
4.54334	1114	147	1408
4.54707	1115	145	208
4.55004	1116	148	1408
4.55579	1117	147	1408
4.5624	1118	144	208
4.56537	1119	147	1408
4.5716	1120	148	1408
4.57486	1121	144	208
4.57783	1122	147	1408
4.58693	1123	147	1408
4.59066	1124	144	208
4.59364	1125	147	1408
4.59939	1126	147	1408
4.60312	1127	145	208
4.60609	1128	148	1408
4.61232	1129	148	1408
4.61845	1130	147	208
4.62142	1131	150	1408
4.62765	1132	147	1408
4.63426	1133	145	208
4.63723	1134	147	1408
4.64346	1135	146	1408
4.64959	1136	145	208
4.65256	1137	147	1408
4.66167	1138	144	1408
4.6654	1139	141	208
4.66837	1140	143	1408
4.67748	1141	145	1408
4.68073	1142	141	208
4.6837	1143	143	1408
4.69281	1144	145	1408
4.69654	1145	141	208
4.69951	1146	144	1408
4.70526	1147	144	1408
4.709	1148	141	208
4.71197	1149	144	1408
4.71772	1150	144	1408
4.72145	1151	141	208
4.72442	1152	144	1408
4.73353	1153	147	1408
4.73678	1154	141	208
4.73976	1155	144	1408
4.74598	1156	144	1408
4.75259	1157	145	208
4.75556	1158	148	1408
4.76132	1159	144	1408
4.76792	1160	144	208
4.7709	1161	147	1408
4.77712	1162	148	1408
4.78038	1163	144	208
4.78335	1164	147	1408
4.78958	1165	147	1408
4.79619	1166	145	208
4.79916	1167	148	1408
4.80491	1168	147	1408
4.80864	1169	141	208
4.81162	1170	144	1408
4.81784	1171	144	1408
4.82398	1172	141	208
4.82695	1173	144	1408
4.83605	1174	145	1408
4.83978	1175	141	208
4.84276	1176	144	1408
4.85186	1177	144	1408
4.85559	1178	142	208
4.85856	1179	145	1408
4.86767	1180	145	1408
4.8738	1181	144	208
4.87677	1182	147	1408
4.883	1183	148	1408
4.88673	1184	144	208
4.8897	1185	147	1408
4.89833	1186	150	1408
4.90206	1187	148	208
4.90504	1188	151	1408
4.91414	1189	151	1408
4.92075	1190	151	208
4.92372	1191	154	1408
4.92947	1192	153	1408
4.93608	1193	151	208
4.93905	1194	154	1408
4.94528	1195	154	1408
4.95189	1196	151	208
4.95486	1197	154	1408
4.96109	1198	154	1408
4.96722	1199	154	208
4.97019	1200	157	1408
4.97642	1201	157	1408
4.98303	1202	154	208
4.986	1203	157	1408
4.99223	1204	157	1408
4.99836	1205	157	208
5.00133	1206	160	1408
5.00756	1207	160	1408
5.01417	1208	157	208
5.01714	1209	160	1408
5.02624	1210	160	1408
5.03285	1211	160	208
5.03582	1212	163	1408
5.04493	1213	163	1408
5.04818	1214	160	208
5.05116	1215	163	1408
5.06026	1216	163	1408
5.06687	1217	160	208
5.06984	1218	163	1408
5.07607	1219	163	1408
5.08268	1220	163	208
5.08565	1221	166	1408
5.09763	1222	169	1408
5.10136	1223	166	208
5.10433	1224	169	1408
5.11631	1225	172	1408
5.1234	1226	170	208
5.12637	1227	173	1408
5.135	1228	175	1408
5.1416	1229	172	208
5.14458	1230	175	1408
5.1508	1231	175	1408
5.15741	1232	173	208
5.16038	1233	176	1408
5.16949	1234	178	1408
5.17274	1235	172	208
5.17572	1236	175	1408
5.18482	1237	178	1408
5.18855	1238	172	208
5.19152	1239	175	1408
5.20063	1240	178	1408
5.20388	1241	172	208
5.20686	1242	175	1408
5.21308	1243	176	1408
5.21969	1244	172	208
5.22266	1245	175	1408
5.23177	1246	175	1408
5.23838	1247	173	208
5.24135	1248	176	1408
5.25045	1249	175	1408
5.25371	1250	172	208
5.25668	1251	175	1408
5.26578	1252	175	1408
5.27239	1253	173	208
5.27536	1254	176	1408
5.28159	1255	175	1408
5.2882	1256	173	208
5.29117	1257	176	1408
5.30315	1258	176	1408
5.30688	1259	172	208
5.30986	1260	175	1408
5.31896	1261	172	1408
5.32269	1262	166	208
5.32854	1263	172	1408
5.33429	1264	169	1408
5.3409	1265	166	208
5.34387	1266	169	1408
5.34722	1267	167	1408
5.35336	1268	163	208
5.35633	1269	166	1408
5.36543	1270	166	1408
5.36916	1271	164	208
5.37214	1272	167	1408
5.37789	1273	163	1408
5.38162	1274	160	208
5.38459	1275	163	1408
5.3937	1276	163	1408
5.39695	1277	160	208
5.39992	1278	163	1408
5.40328	1279	160	1408
5.40941	1280	157	208
5.41238	1281	160	1408
5.42148	1282	160	1408
5.42809	1283	157	208
5.43106	1284	160	1408
5.44017	1285	160	1408
5.44678	1286	160	208
5.44975	1287	163	1408
5.45885	1288	163	1408
5.46546	1289	160	208
5.46843	1290	163	1408
5.47466	1291	163	1408
5.48127	1292	160	208
5.48424	1293	163	1408
5.49622	1294	163	1408
5.49995	1295	160	208
5.50292	1296	163	1408
5.51203	1297	163	1408
5.51864	1298	160	208
5.52161	1299	163	1408
5.52736	1300	163	1408
5.53397	1301	160	208
5.53694	1302	163	1408
5.54317	1303	164	1408
5.54978	1304	163	208
5.55275	1305	166	1408
5.56185	1306	166	1408
5.56511	1307	163	208
5.56808	1308	166	1408
5.57718	1309	169	1408
5.58092	1310	166	208
5.58389	1311	169	1408
5.59299	1312	169	1408
5.59625	1313	166	208
5.59922	1314	169	1408
5.60832	1315	172	1408
5.61206	1316	170	208
5.61503	1317	173	1408
5.62413	1318	173	1408
5.63074	1319	169	208
5.63371	1320	172	1408
5.64282	1321	172	1408
5.64942	1322	170	208
5.6524	1323	173	1408
5.6615	1324	173	1408
5.66811	1325	170	208
5.67108	1326	173	1408
5.67731	1327	173	1408
5.68344	1328	169	208
5.68641	1329	172	1408
5.69887	1330	172	1408
5.7026	1331	169	208
5.70557	1332	172	1408
5.7142	1333	172	1408
5.72081	1334	169	208
5.72378	1335	172	1408
5.73288	1336	175	1408
5.73949	1337	172	208
5.74246	1338	175	1408
5.74869	1339	175	1408
5.7553	1340	173	208
5.75827	1341	176	1408
5.76738	1342	176	1408
5.77063	1343	172	208
5.7736	1344	175	1408
5.78271	1345	175	1408
5.78644	1346	173	208
5.78941	1347	176	1408
5.79852	1348	175	1408
5.80225	1349	173	208
5.80522	1350	176	1408
5.81385	1351	175	1408
5.81758	1352	172	208
5.82055	1353	175	1408
5.82966	1354	175	1408
5.83626	1355	173	208
5.83924	1356	176	1408
5.84834	1357	176	1408
5.85495	1358	172	208
5.85792	1359	175	1408
5.86367	1360	172	1408
5.87028	1361	169	208
5.87325	1362	172	1408
5.88236	1363	175	1408
5.88896	1364	172	208
5.89194	1365	175	1408
5.90104	1366	173	1408
5.90765	1367	172	208
5.91062	1368	175	1408
5.91972	1369	175	1408
5.92346	1370	170	208
5.92643	1371	173	1408
5.93553	1372	173	1408
5.94214	1373	170	208
5.94511	1374	173	1408
5.95422	1375	176	1408
5.96082	1376	172	208
5.9638	1377	175	1408
5.9729	1378	175	1408
5.97616	1379	173	208
5.97913	1380	176	1408
5.98823	1381	176	1408
5.99196	1382	172	208
5.99494	1383	175	1408
6.00404	1384	176	1408
6.0073	1385	172	208
6.01027	1386	175	1408
6.01937	1387	176	1408
6.0231	1388	173	208
6.02608	1389	176	1408
6.03518	1390	176	1408
6.04179	1391	172	208
6.04476	1392	175	1408
6.05386	1393	175	1408
6.06047	1394	172	208
6.06344	1395	175	1408
6.0692	1396	175	1408
6.0758	1397	172	208
6.07878	1398	175	1408
6.08788	1399	175	1408
6.09449	1400	172	208
6.09746	1401	175	1408
6.10656	1402	175	1408
6.1103	1403	170	208
6.11327	1404	173	1408
6.12237	1405	173	1408
6.1261	1406	170	208
6.12908	1407	173	1408
6.14106	1408	176	1408
6.14766	1409	172	208
6.15064	1410	175	1408
6.15974	1411	175	1408
6.16635	1412	173	208
6.16932	1413	176	1408
6.17507	1414	172	1408
6.18168	1415	172	208
6.18465	1416	175	1408
6.19376	1417	175	1408
6.19749	1418	172	208
6.20046	1419	175	1408
6.20956	1420	175	1408
6.21905	1421	170	208
6.22537	1422	172	1408
6.23112	1423	173	1408
6.23486	1424	169	208
6.24406	1425	173	1408
6.24693	1426	170	1408
6.25354	1427	170	208
6.25939	1428	169	1408
6.26562	1429	170	1408
6.26887	1430	168	208
6.2752	1431	170	1408
6.28095	1432	170	1408
6.28756	1433	170	208
6.29388	1434	169	1408
6.29963	1435	170	1408
6.30624	1436	170	208
6.30921	1437	169	1408
6.31544	1438	170	1408
6.32205	1439	170	208
6.3279	1440	171	1408
6.33077	1441	169	1408
6.33786	1442	166	208
6.34658	1443	169	1408
6.35281	1444	170	1408
6.35606	1445	167	208
6.36526	1446	169	1408
6.36814	1447	167	1408
6.37187	1448	165	208
6.38107	1449	170	1408
6.38682	1450	170	1408
6.39056	1451	167	208
6.3964	1452	169	1408
6.40263	1453	170	1408
6.40924	1454	170	208
6.41556	1455	166	1408
6.42419	1456	169	1408
6.42792	1457	166	208
6.43377	1458	169	1408
6.44288	1459	168	1408
6.44661	1460	167	208
6.45246	1461	169	1408
6.45868	1462	169	1408
6.46242	1463	167	208
6.46826	1464	170	1408
6.47402	1465	169	1408
6.48062	1466	169	208
6.48695	1467	169	1408
6.49318	1468	170	1408
6.49931	1469	170	208
6.50563	1470	169	1408
6.51138	1471	170	1408
6.51512	1472	169	208
6.52096	1473	168	1408
6.52719	1474	170	1408
6.53045	1475	168	208
6.53677	1476	169	1408
6.54588	1477	169	1408
6.55248	1478	170	208
6.55546	1479	169	1408
6.56456	1480	169	1408
6.56782	1481	167	208
6.57079	1482	169	1408
6.57989	1483	168	1408
6.58362	1484	167	208
6.58947	1485	169	1408
6.5957	1486	169	1408
6.60231	1487	170	208
6.60816	1488	169	1408
6.61438	1489	169	1408
6.62099	1490	166	208
6.62684	1491	168	1408
6.63307	1492	170	1408
6.63968	1493	167	208
6.64552	1494	169	1408
6.65175	1495	169	1408
6.65548	1496	167	208
6.66133	1497	169	1408
6.66756	1498	169	1408
6.67369	1499	169	208
6.68002	1500	170	1408
6.68624	1501	169	1408
6.69238	1502	169	208
6.6987	1503	169	1408
6.7078	1504	172	1408
6.71106	1505	170	208
6.71403	1506	169	1408
6.72026	1507	169	1408
6.72687	1508	169	208
6.72984	1509	169	1408
6.73894	1510	172	1408
6.74555	1511	170	208
6.7514	1512	169	1408
6.75763	1513	170	1408
6.76424	1514	170	208
6.76721	1515	170	1408
6.77296	1516	170	1408
6.77957	1517	170	208
6.78302	1518	170	1408
6.79164	1519	172	1408
6.79538	1520	170	208
6.80122	1521	169	1408
6.81033	1522	172	1408
6.81406	1523	170	208
6.81991	1524	168	1408
6.82614	1525	170	1408
6.82987	1526	166	208
6.83859	1527	169	1408
6.84482	1528	169	1408
6.84855	1529	167	208
6.8544	1530	169	1408
6.86015	1531	169	1408
6.86676	1532	169	208
6.87308	1533	170	1408
6.87884	1534	168	1408
6.88544	1535	169	208
6.89177	1536	169	1408
6.898	1537	169	1408
6.90413	1538	167	208
6.91045	1539	169	1408
6.9162	1540	171	1408
6.91994	1541	169	208
6.92578	1542	169	1408
6.93201	1543	172	1408
6.93862	1544	169	208
6.94447	1545	169	1408
6.9507	1546	169	1408
6.9573	1547	170	208
6.96315	1548	169	1408
6.96938	1549	171	1408
6.97264	1550	169	208
6.97896	1551	169	1408
6.98471	1552	171	1408
6.99132	1553	170	208
6.99429	1554	169	1408
7.0034	1555	172	1408
7.01	1556	170	208
7.01298	1557	168	1408
7.02208	1558	171	1408
7.02581	1559	167	208
7.02878	1560	169	1408
7.03789	1561	169	1408
7.0445	1562	169	208
7.04747	1563	169	1408
7.05657	1564	171	1408
7.05983	1565	167	208
7.06615	1566	170	1408
7.0719	1567	168	1408
7.10342	1568	153	208
7.10975	1569	154	1408
7.11885	1570	156	1408
7.12211	1571	154	208
7.12843	1572	154	1408
7.13754	1573	157	1408
7.14079	1574	153	208
7.14712	1575	154	1408
7.15622	1576	157	1408
7.15948	1577	153	208
7.1658	1578	156	1408
7.17155	1579	156	1408
7.17528	1580	153	208
7.18113	1581	157	1408
7.19024	1582	157	1408
7.19397	1583	153	208
7.19982	1584	156	1408
7.20892	1585	156	1408
7.21265	1586	154	208
7.21562	1587	156	1408
7.22473	1588	157	1408
7.22798	1589	153	208
7.23143	1590	154	1408
7.24341	1591	157	1408
7.24667	1592	154	208
7.25299	1593	156	1408
7.25874	1594	156	1408
7.27828	1595	145	208
7.28701	1596	148	1408
7.29324	1597	145	1408
7.29649	1598	142	208
7.30282	1599	144	1408
7.31192	1600	144	1408
7.31853	1601	145	208
7.3215	1602	144	1408
7.3306	1603	144	1408
7.33434	1604	142	208
7.34018	1605	145	1408
7.34929	1606	148	1408
7.35254	1607	144	208
7.35887	1608	147	1408
7.36797	1609	147	1408
7.37123	1610	145	208
7.37755	1611	148	1408
7.38666	1612	147	1408
7.38991	1613	144	208
7.39288	1614	146	1408
7.40199	1615	147	1408
7.40572	1616	145	208
7.40869	1617	147	1408
7.42067	1618	147	1408
7.4244	1619	145	208
7.43025	1620	147	1408
7.43648	1621	147	1408
7.44932	1622	141	208
7.45852	1623	141	1408
7.46762	1624	144	1408
7.47088	1625	140	208
7.4772	1626	145	1408
7.4863	1627	144	1408
7.48956	1628	141	208
7.49588	1629	144	1408
7.50499	1630	144	1408
7.50824	1631	142	208
7.51457	1632	144	1408
7.52367	1633	144	1408
7.52693	1634	141	208
7.53325	1635	145	1408
7.54236	1636	144	1408
7.54561	1637	141	208
7.55194	1638	144	1408
7.56104	1639	145	1408
7.5643	1640	142	208
7.56727	1641	144	1408
7.57637	1642	144	1408
7.58298	1643	144	208
7.58595	1644	146	1408
7.59506	1645	145	1408
7.59879	1646	142	208
7.60464	1647	144	1408
7.61374	1648	147	1408
7.62035	1649	141	208
7.62955	1650	141	1408
7.63865	1651	141	1408
7.64526	1652	142	208
7.64823	1653	141	1408
7.65734	1654	141	1408
7.66394	1655	141	208
7.66692	1656	141	1408
7.67602	1657	141	1408
7.68263	1658	141	208
7.6856	1659	141	1408
7.6947	1660	141	1408
7.69844	1661	139	208
7.70476	1662	141	1408
7.71339	1663	141	1408
7.72	1664	141	208
7.72297	1665	140	1408
7.73207	1666	141	1408
7.73868	1667	141	208
7.74165	1668	143	1408
7.75076	1669	144	1408
7.75449	1670	141	208
7.76034	1671	144	1408
7.76944	1672	144	1408
7.77317	1673	142	208
7.77902	1674	145	1408
7.78812	1675	145	1408
7.79186	1676	141	208
7.80106	1677	142	1408
7.81016	1678	142	1408
7.81677	1679	141	208
7.82262	1680	144	1408
7.83172	1681	144	1408
7.83545	1682	141	208
7.83842	1683	141	1408
7.84753	1684	141	1408
7.85414	1685	142	208
7.85711	1686	142	1408
7.86909	1687	145	1408
7.87282	1688	142	208
7.87867	1689	144	1408
7.88777	1690	144	1408
7.8915	1691	141	208
7.89735	1692	144	1408
7.90646	1693	144	1408
7.91019	1694	142	208
7.91604	1695	145	1408
7.92514	1696	145	1408
7.92887	1697	142	208
7.93472	1698	144	1408
7.94382	1699	144	1408
7.95043	1700	145	208
7.95676	1701	147	1408
7.96586	1702	147	1408
7.97247	1703	148	208
7.98167	1704	150	1408
7.99077	1705	150	1408
7.99738	1706	151	208
8.00658	1707	154	1408
8.01569	1708	154	1408
8.02229	1709	155	208
8.02526	1710	157	1408
8.03724	1711	160	1408
8.04098	1712	156	208
8.04682	1713	159	1408
8.05928	1714	160	1408
8.06589	1715	160	208
8.06886	1716	160	1408
8.07796	1717	160	1408
8.08122	1718	158	208
8.08754	1719	160	1408
8.09665	1720	160	1408
8.09991	1721	157	208
8.10911	1722	163	1408
8.11533	1723	160	1408
8.12194	1724	160	208
8.12779	1725	163	1408
8.13689	1726	163	1408
8.14062	1727	160	208
8.14647	1728	160	1408
8.15558	1729	160	1408
8.16218	1730	160	208
8.16851	1731	157	1408
8.17761	1732	157	1408
8.18087	1733	153	208
8.18719	1734	151	1408
8.1963	1735	151	1408
8.19955	1736	147	208
8.20253	1737	147	1408
8.21163	1738	144	1408
8.21536	1739	142	208
8.22121	1740	145	1408
8.23031	1741	141	1408
8.23405	1742	139	208
8.23989	1743	141	1408
8.24612	1744	138	1408
8.24938	1745	135	208
8.2557	1746	138	1408
8.2648	1747	138	1408
8.26806	1748	136	208
8.27726	1749	138	1408
8.28349	1750	138	1408
8.2901	1751	138	208
8.29595	1752	138	1408
8.30505	1753	139	1408
8.31166	1754	139	208
8.31463	1755	138	1408
8.32421	1756	139	1408
8.33034	1757	138	208
8.33667	1758	138	1408
8.34577	1759	138	1408
8.35238	1760	139	208
8.35822	1761	141	1408
8.36733	1762	141	1408
8.37106	1763	139	208
8.37403	1764	141	1408
8.38314	1765	142	1408
8.38639	1766	139	208
8.39272	1767	141	1408
8.4047	1768	144	1408
8.40843	1769	142	208
8.41428	1770	145	1408
8.4205	1771	144	1408
8.42711	1772	145	208
8.43009	1773	145	1408
8.43919	1774	145	1408
8.44867	1775	141	208
8.45164	1776	144	1408
8.46075	1777	146	1408
8.46783	1778	141	208
8.47081	1779	144	1408
8.48279	1780	147	1408
8.48939	1781	145	208
8.49236	1782	148	1408
8.50147	1783	147	1408
8.51095	1784	144	208
8.51392	1785	147	1408
8.52303	1786	148	1408
8.53299	1787	144	208
8.53596	1788	147	1408
8.54506	1789	148	1408
8.54832	1790	144	208
8.55129	1791	147	1408
8.5604	1792	147	1408
8.57036	1793	148	208
8.57333	1794	151	1408
8.58243	1795	148	1408
8.58904	1796	145	208
8.59201	1797	148	1408
8.60112	1798	150	1408
8.60773	1799	147	208
8.6107	1800	150	1408
8.6198	1801	150	1408
8.62928	1802	148	208
8.63226	1803	151	1408
8.64136	1804	151	1408
8.64845	1805	148	208
8.65142	1806	151	1408
8.6634	1807	151	1408
8.67288	1808	150	208
8.67585	1809	153	1408
8.68496	1810	153	1408
8.69156	1811	147	208
8.69454	1812	150	1408
8.70699	1813	153	1408
8.7136	1814	147	208
8.71657	1815	150	1408
8.72855	1816	153	1408
8.73228	1817	151	208
8.73526	1818	154	1408
8.74436	1819	154	1408
8.75385	1820	150	208
8.75682	1821	153	1408
8.76592	1822	153	1408
8.77253	1823	150	208
8.7755	1824	153	1408
8.78461	1825	153	1408
8.79121	1826	151	208
8.79466	1827	153	1408
8.80376	1828	153	1408
8.81325	1829	151	208
8.81622	1830	153	1408
8.82533	1831	153	1408
8.83193	1832	150	208
8.8349	1833	152	1408
8.84688	1834	153	1408
8.8693	1835	145	208
8.8785	1836	141	1408
8.8876	1837	142	1408
8.89421	1838	141	208
8.90054	1839	142	1408
8.90916	1840	143	1408
8.91577	1841	141	208
8.91875	1842	143	1408
8.92785	1843	144	1408
8.93446	1844	143	208
8.94078	1845	144	1408
8.94988	1846	145	1408
8.95362	1847	141	208
8.95947	1848	145	1408
8.96857	1849	146	1408
8.97518	1850	145	208
8.97815	1851	145	1408
8.99013	1852	147	1408
8.99386	1853	142	208
8.99971	1854	144	1408
9.00881	1855	145	1408
9.01254	1856	141	208
9.02174	1857	145	1408
9.03995	1858	140	1408
9.04656	1859	138	208
9.05576	1860	138	1408
9.06487	1861	139	1408
9.0686	1862	135	208
9.0778	1863	138	1408
9.0869	1864	139	1408
9.09063	1865	135	208
9.09648	1866	139	1408
9.10559	1867	140	1408
9.11219	1868	139	208
9.11804	1869	139	1408
9.12714	1870	140	1408
9.13375	1871	138	208
9.1372	1872	139	1408
9.14583	1873	139	1408
9.15244	1874	138	208
9.16164	1875	141	1408
9.16786	1876	139	1408
9.17447	1877	138	208
9.18032	1878	142	1408
9.18655	1879	140	1408
9.19316	1880	139	208
9.20858	1881	138	1408
9.21769	1882	139	1408
9.22142	1883	135	208
9.23062	1884	136	1408
9.23925	1885	137	1408
9.24586	1886	135	208
9.25506	1887	138	1408
9.26128	1888	136	1408
9.26789	1889	134	208
9.27374	1890	138	1408
9.28284	1891	139	1408
9.28658	1892	135	208
9.29578	1893	138	1408
9.30488	1894	139	1408
9.30814	1895	135	208
9.31446	1896	139	1408
9.32356	1897	140	1408
9.33017	1898	139	208
9.33602	1899	139	1408
9.34513	1900	140	1408
9.35173	1901	138	208
9.35518	1902	139	1408
9.36381	1903	139	1408
9.37665	1904	138	208
9.38585	1905	138	1408
9.39207	1906	137	1408
9.39868	1907	135	208
9.40453	1908	135	1408
9.41411	1909	137	1408
9.42024	1910	135	208
9.42944	1911	138	1408
9.43855	1912	139	1408
9.44228	1913	135	208
9.45148	1914	139	1408
9.4577	1915	137	1408
9.46384	1916	135	208
9.47304	1917	139	1408
9.47927	1918	137	1408
9.48587	1919	135	208
9.49172	1920	138	1408
9.50082	1921	139	1408
9.50743	1922	138	208
9.51376	1923	138	1408
9.52286	1924	139	1408
9.52947	1925	138	208
9.53532	1926	142	1408
9.5449	1927	138	1408
9.55438	1928	139	208
9.56023	1929	138	1408
9.56933	1930	139	1408
9.57594	1931	137	208
9.58226	1932	138	1408
9.59137	1933	139	1408
9.59798	1934	137	208
9.60718	1935	139	1408
9.61628	1936	140	1408
9.62289	1937	138	208
9.62586	1938	138	1408
9.63496	1939	139	1408
9.64157	1940	138	208
9.6479	1941	138	1408
9.65652	1942	139	1408
9.66313	1943	138	208
9.66946	1944	139	1408
9.67856	1945	140	1408
9.68517	1946	139	208
9.69149	1947	139	1408
9.70012	1948	140	1408
9.70673	1949	138	208
9.71593	1950	141	1408
9.72503	1951	141	1408
9.73164	1952	139	208
9.74084	1953	141	1408
9.74707	1954	140	1408
9.75368	1955	138	208
9.76288	1956	141	1408
9.76863	1957	139	1408
9.77524	1958	138	208
9.78444	1959	138	1408
9.79354	1960	139	1408
9.80015	1961	138	208
9.80647	1962	141	1408
9.81558	1963	142	1408
9.82218	1964	141	208
9.82803	1965	142	1408
9.83714	1966	143	1408
9.84375	1967	141	208
9.85007	1968	142	1408
9.85917	1969	143	1408
9.86578	1970	141	208
9.87163	1971	141	1408
9.88073	1972	142	1408
9.88734	1973	141	208
9.89654	1974	141	1408
9.90564	1975	142	1408
9.91225	1976	141	208
9.91858	1977	141	1408
9.92768	1978	142	1408
9.93429	1979	141	208
9.94014	1980	142	1408
9.94924	1981	143	1408
9.95585	1982	141	208
9.96505	1983	142	1408
9.97415	1984	143	1408
9.98076	1985	141	208
9.98708	1986	142	1408
9.99619	1987	143	1408
9.99992	1988	140	208
10.0086	1989	141	1408
10.0177	1990	144	1408
10.0215	1991	141	208
10.0336	1992	144	1408
10.0398	1993	144	1408
10.0464	1994	145	208
10.0556	1995	145	1408
10.0613	1996	144	1408
10.0684	1997	142	208
10.0776	1998	142	1408
10.0863	1999	144	1408
10.09	2000	141	208
10.0992	2001	142	1408
10.1083	2002	144	1408
10.1115	2003	141	208
10.1241	2004	145	1408
10.1299	2005	144	1408
10.1365	2006	141	208
10.1461	2007	142	1408
10.1548	2008	144	1408
10.1585	2009	141	208
10.1677	2010	141	1408
10.1797	2011	143	1408
10.1896	2012	142	208
10.1926	2013	143	1408
10.2017	2014	142	1408
10.2112	2015	141	208
10.2142	2016	142	1408
10.2266	2017	143	1408
10.2428	2018	135	208
10.2487	2019	140	1408
10.2578	2020	140	1408
10.2644	2021	135	208
10.2702	2022	140	1408
10.2793	2023	140	1408
10.2893	2024	135	208
10.2951	2025	140	1408
10.3042	2026	140	1408
10.3113	2027	135	208
10.3172	2028	140	1408
10.3263	2029	140	1408
10.3358	2030	138	208
10.3387	2031	140	1408
10.3483	2032	139	1408
10.3578	2033	135	208
10.3636	2034	140	1408
10.3727	2035	140	1408
10.3827	2036	138	208
10.3857	2037	140	1408
10.3977	2038	141	1408
10.4138	2039	135	208
10.4168	2040	137	1408
10.4259	2041	137	1408
10.4354	2042	135	208
10.4384	2043	137	1408
10.4475	2044	137	1408
10.4608	2045	135	208
10.4666	2046	140	1408
10.4786	2047	143	1408
10.4886	2048	141	208
10.4916	2049	143	1408
10.5035	2050	146	1408
10.5164	2051	148	208
10.5193	2052	150	1408
10.5284	2053	150	1408
10.5446	2054	151	208
10.5476	2055	153	1408
10.5567	2056	153	1408
10.5662	2057	151	208
10.5692	2058	153	1408
10.5787	2059	151	1408
10.5945	2060	148	208
10.5974	2061	150	1408
10.6065	2062	150	1408
10.6165	2063	148	208
10.6195	2064	150	1408
10.6314	2065	153	1408
10.6443	2066	148	208
10.6473	2067	150	1408
10.6592	2068	151	1408
10.6692	2069	148	208
10.6722	2070	150	1408
10.6841	2071	151	1408
10.6908	2072	141	208
10.6971	2073	147	1408
10.7028	2074	143	1408
10.7128	2075	135	208
10.7158	2076	137	1408
10.7249	2077	137	1408
10.7315	2078	132	208
10.7344	2079	134	1408
10.7435	2080	134	1408
10.753	2081	126	208
10.756	2082	128	1408
10.7589	2083	121	1408
10.7593	2084	110	208
10.7622	2085	112	1408
10.7651	2086	104	1408
10.7655	2087	88	208
10.7685	2088	90	1408
10.7713	2089	82	1408
10.7717	2090	69	208
10.7747	2091	71	1408
10.7838	2092	69	1408
10.7904	2093	63	208
10.7934	2094	65	1408
10.8058	2095	68	1408
10.8124	2096	66	208
10.8183	2097	70	1408
10.8274	2098	70	1408
10.834	2099	67	208
10.837	2100	68	1408
10.8461	2101	69	1408
10.8498	2102	63	208
10.8528	2103	64	1408
10.8619	2104	64	1408
10.8685	2105	62	208
10.8743	2106	66	1408
10.8834	2107	66	1408
10.8872	2108	61	208
10.8901	2109	62	1408
10.893	2110	56	1408
10.8934	2111	47	208
10.8964	2112	48	1408
10.8992	2113	42	1408
10.8996	2114	33	208
10.9026	2115	34	1408
10.9103	2116	33	1408
10.92	2117	33	208
10.923	2118	34	1408
10.9321	2119	35	1408
10.9387	2120	32	208
10.9417	2121	33	1408
10.9508	2122	33	1408
10.9602	2123	34	208
10.9632	2124	35	1408
10.9728	2125	35	1408
10.9794	2126	33	208
10.9852	2127	37	1408
10.9944	2128	37	1408
11.001	2129	34	208
11.0068	2130	38	1408
11.0159	2131	38	1408
11.0259	2132	39	208
11.0288	2133	41	1408
11.0346	2134	40	1408
11.0412	2135	40	208
11.0447	2136	42	1408
11.0533	2137	44	1408
11.0599	2138	43	208
11.0629	2139	45	1408
11.072	2140	47	1408
11.0786	2141	47	208
11.0815	2142	49	1408
11.0906	2143	51	1408
11.0944	2144	49	208
11.0974	2145	51	1408
11.1065	2146	53	1408
11.1131	2147	53	208
11.116	2148	55	1408
11.1251	2149	57	1408
11.1317	2150	56	208
11.1347	2151	58	1408
11.1438	2152	60	1408
11.1476	2153	57	208
11.1534	2154	62	1408
11.1596	2155	61	1408
11.1658	2156	61	208
11.1687	2157	63	1408
11.1778	2158	65	1408
11.1816	2159	62	208
11.1874	2160	67	1408
11.1936	2161	66	1408
11.2003	2162	67	208
11.2032	2163	69	1408
11.2123	2164	71	1408
11.2189	2165	70	208
11.2219	2166	72	1408
11.2277	2167	72	1408
11.2343	2168	72	208
11.2406	2169	77	1408
11.2463	2170	77	1408
11.253	2171	76	208
11.2559	2172	78	1408
11.2622	2173	79	1408
11.2688	2174	78	208
11.2746	2175	83	1408
11.2808	2176	83	1408
11.2874	2177	84	208
11.2904	2178	86	1408
11.2995	2179	88	1408
11.3028	2180	85	208
11.3058	2181	87	1408
11.3149	2182	89	1408
11.3186	2183	87	208
11.3244	2184	92	1408
11.3307	2185	92	1408
11.3373	2186	92	208
11.3402	2187	94	1408
11.3465	2188	94	1408
11.3526	2189	94	208
11.3556	2190	96	1408
11.3647	2191	98	1408
11.3684	2192	96	208
11.3743	2193	101	1408
11.3805	2194	101	1408
11.3871	2195	101	208
11.3901	2196	103	1408
11.3992	2197	106	1408
11.4029	2198	103	208
11.4088	2199	108	1408
11.4145	2200	108	1408
11.4211	2201	108	208
11.4241	2202	110	1408
11.4303	2203	110	1408
11.4369	2204	110	208
11.4399	2205	112	1408
11.449	2206	115	1408
11.4523	2207	113	208
11.4586	2208	118	1408
11.4643	2209	118	1408
11.4709	2210	118	208
11.4739	2211	120	1408
11.483	2212	123	1408
11.4867	2213	120	208
11.4897	2214	122	1408
11.4988	2215	125	1408
11.5021	2216	123	208
11.5084	2217	128	1408
11.5142	2218	128	1408
11.5179	2219	125	208
11.5237	2220	130	1408
11.53	2221	130	1408
11.5394	2222	129	208
11.5424	2223	131	1408
11.552	2224	130	1408
11.5615	2225	130	208
11.5673	2226	134	1408
11.5764	2227	133	1408
11.5835	2228	130	208
11.5894	2229	134	1408
11.6574	2230	119	1408
11.6611	2231	117	208
11.6641	2232	119	1408
11.6761	2233	123	1408
11.6798	2234	119	208
11.6828	2235	121	1408
11.6948	2236	122	1408
11.7018	2237	119	208
11.7077	2238	124	1408
11.7202	2239	123	1408
11.7296	2240	123	208
11.7326	2241	125	1408
11.7446	2242	125	1408
11.7948	2243	107	208
11.7978	2244	109	1408
11.8069	2245	111	1408
11.814	2246	107	208
11.8198	2247	112	1408
11.8289	2248	114	1408
11.8355	2249	111	208
11.8385	2250	113	1408
11.8505	2251	113	1408
11.8604	2252	110	208
11.8663	2253	115	1408
11.8754	2254	117	1408
11.882	2255	115	208
11.885	2256	117	1408
11.8941	2257	120	1408
11.9007	2258	118	208
11.9036	2259	120	1408
11.9127	2260	122	1408
11.9414	2261	114	208
11.9444	2262	116	1408
11.9535	2263	118	1408
11.9601	2264	117	208
11.963	2265	119	1408
11.9721	2266	121	1408
11.9788	2267	119	208
11.9817	2268	121	1408
11.9908	2269	123	1408
11.9974	2270	122	208
12.0004	2271	124	1408
12.0095	2272	126	1408
12.0161	2273	125	208
12.0191	2274	127	1408
12.0282	2275	129	1408
12.0348	2276	127	208
12.0407	2277	132	1408
12.0469	2278	131	1408
12.0535	2279	130	208
12.0565	2280	132	1408
12.0656	2281	134	1408
12.0722	2282	133	208
12.078	2283	138	1408
12.0843	2284	137	1408
12.0909	2285	135	208
12.0967	2286	140	1408
12.1058	2287	141	1408
12.1095	2288	138	208
12.1154	2289	143	1408
12.1216	2290	141	1408
12.1282	2291	141	208
12.1341	2292	146	1408
12.1432	2293	147	1408
12.1469	2294	143	208
12.1528	2295	148	1408
12.1619	2296	149	1408
12.1685	2297	149	208
12.1714	2298	151	1408
12.1805	2299	152	1408
12.1843	2300	149	208
12.1901	2301	154	1408
12.1992	2302	155	1408
12.203	2303	151	208
12.2088	2304	156	1408
12.2179	2305	157	1408
12.2245	2306	157	208
12.2275	2307	159	1408
12.2366	2308	160	1408
12.2432	2309	160	208
12.2462	2310	161	1408
12.2553	2311	163	1408
12.259	2312	160	208
12.2649	2313	163	1408
12.2711	2314	163	1408
12.2777	2315	161	208
12.2807	2316	163	1408
12.2898	2317	165	1408
12.2935	2318	161	208
12.2994	2319	166	1408
12.3051	2320	165	1408
12.3117	2321	163	208
12.3147	2322	165	1408
12.3209	2323	164	1408
12.3275	2324	163	208
12.3334	2325	168	1408
12.3396	2326	167	1408
12.3462	2327	166	208
12.3492	2328	168	1408
12.3554	2329	167	1408
12.3615	2330	165	208
12.365	2331	167	1408
12.3736	2332	169	1408
12.3802	2333	168	208
12.3832	2334	170	1408
12.3894	2335	169	1408
12.396	2336	168	208
12.399	2337	170	1408
12.4081	2338	172	1408
12.4118	2339	167	208
12.4177	2340	172	1408
12.4234	2341	170	1408
12.43	2342	170	208
12.433	2343	172	1408
12.4421	2344	173	1408
12.4487	2345	172	208
12.4517	2346	174	1408
12.4579	2347	172	1408
12.4645	2348	172	208
12.4675	2349	174	1408
12.4766	2350	175	1408
12.4799	2351	171	208
12.4828	2352	173	1408
12.4919	2353	174	1408
12.4986	2354	174	208
12.5015	2355	176	1408
12.5106	2356	177	1408
12.5144	2357	174	208
12.5173	2358	176	1408
12.5264	2359	177	1408
12.5297	2360	173	208
12.5331	2361	176	1408
12.5418	2362	176	1408
12.5484	2363	176	208
12.5514	2364	177	1408
12.5576	2365	176	1408
12.5642	2366	176	208
12.5672	2367	177	1408
12.5729	2368	175	1408
12.5795	2369	174	208
12.5825	2370	176	1408
12.5916	2371	178	1408
12.5953	2372	174	208
12.6012	2373	179	1408
12.6074	2374	178	1408
12.6107	2375	173	208
12.617	2376	178	1408
12.6227	2377	177	1408
12.6293	2378	176	208
12.6323	2379	178	1408
12.6385	2380	177	1408
12.6452	2381	176	208
12.6481	2382	178	1408
12.6572	2383	180	1408
12.661	2384	175	208
12.6668	2385	180	1408
12.6726	2386	179	1408
12.6792	2387	178	208
12.6821	2388	180	1408
12.6884	2389	179	1408
12.695	2390	177	208
12.6979	2391	179	1408
12.7037	2392	178	1408
12.7103	2393	177	208
12.7166	2394	182	1408
12.7224	2395	180	1408
12.7261	2396	177	208
12.732	2397	181	1408
12.7382	2398	180	1408
12.7414	2399	176	208
12.7478	2400	181	1408
12.7535	2401	179	1408
12.7601	2402	179	208
12.7631	2403	181	1408
12.7722	2404	182	1408
12.7759	2405	178	208
12.7789	2406	180	1408
12.7847	2407	178	1408
12.7913	2408	178	208
12.7942	2409	180	1408
12.8033	2410	181	1408
12.8071	2411	178	208
12.8101	2412	180	1408
12.8163	2413	178	1408
12.8195	2414	174	208
12.8259	2415	179	1408
12.8316	2416	177	1408
12.8382	2417	177	208
12.8412	2418	178	1408
12.8503	2419	180	1408
12.854	2420	177	208
12.857	2421	178	1408
12.8661	2422	180	1408
12.8694	2423	175	208
12.8723	2424	177	1408
12.8814	2425	179	1408
12.8852	2426	175	208
12.8881	2427	177	1408
12.8972	2428	179	1408
12.9039	2429	177	208
12.9068	2430	179	1408
12.9159	2431	181	1408
12.9192	2432	177	208
12.9222	2433	179	1408
12.9284	2434	178	1408
12.935	2435	176	208
12.938	2436	178	1408
12.9471	2437	181	1408
12.9503	2438	176	208
12.9533	2439	178	1408
12.9624	2440	180	1408
12.969	2441	179	208
12.972	2442	180	1408
12.9782	2443	180	1408
12.9848	2444	178	208
12.9878	2445	180	1408
12.9935	2446	179	1408
13.0001	2447	178	208
13.0031	2448	180	1408
13.0122	2449	181	1408
13.016	2450	177	208
13.0189	2451	179	1408
13.028	2452	181	1408
13.0313	2453	177	208
13.0343	2454	179	1408
13.0434	2455	180	1408
13.0471	2456	177	208
13.0501	2457	179	1408
13.0592	2458	180	1408
13.0653	2459	179	208
13.0683	2460	181	1408
13.0782	2462	176	208
13.0812	2463	178	1408
13.0903	2464	180	1408
13.0936	2465	175	208
13.0965	2466	177	1408
13.0994	2467	173	1408
13.1003	2468	167	208
13.1061	2469	172	1408
13.1119	2470	169	1408
13.1156	2471	166	208
13.1215	2472	171	1408
13.1277	2473	170	1408
13.1309	2474	166	208
13.1339	2475	168	1408
13.143	2476	170	1408
13.1468	2477	166	208
13.1526	2478	171	1408
13.1588	2479	170	1408
13.1654	2480	169	208
13.1684	2481	171	1408
13.1742	2482	170	1408
13.1808	2483	169	208
13.1837	2484	171	1408
13.1928	2485	172	1408
13.1966	2486	169	208
13.1995	2487	171	1408
13.2053	2488	170	1408
13.2119	2489	169	208
13.2149	2490	171	1408
13.2211	2491	170	1408
13.2277	2492	169	208
13.2307	2493	171	1408
13.2369	2494	170	1408
13.243	2495	169	208
13.246	2496	171	1408
13.2551	2497	173	1408
13.2589	2498	169	208
13.2618	2499	171	1408
13.2709	2500	173	1408
13.2742	2501	169	208
13.2776	2502	171	1408
13.2863	2503	173	1411
13.2925	2504	172	1408
13.2991	2505	171	208
13.3021	2506	173	1408
13.3078	2507	171	1408
13.3144	2508	171	208
13.3174	2509	173	1408
13.3236	2510	171	1408
13.3302	2511	171	208
13.3332	2512	173	1408
13.3394	2513	172	1408
13.3456	2514	171	208
13.3485	2515	173	1408
13.3548	2516	172	1408
13.3614	2517	171	208
13.3644	2518	173	1408
13.3701	2519	172	1408
13.3738	2520	168	208
13.3768	2521	170	1408
13.3859	2522	172	1408
13.3892	2523	169	208
13.3926	2524	171	1408
13.4012	2525	172	1408
13.4079	2526	171	208
13.4108	2527	173	1408
13.4171	2528	173	1408
13.4203	2529	169	208
13.4238	2530	171	1408
13.4324	2531	173	1408
13.439	2532	172	208
13.442	2533	173	1408
13.4482	2534	173	1408
13.4515	2535	169	208
13.4549	2536	171	1408
13.4635	2537	173	1408
13.4673	2538	170	208
13.4702	2539	172	1408
13.4793	2540	174	1408
13.4826	2541	169	208
13.486	2542	172	1408
13.4947	2543	173	1408
13.4984	2544	170	208
13.5042	2545	175	1408
13.5105	2546	174	1408
13.5142	2547	171	208
13.5172	2548	173	1408
13.5258	2549	173	1408
13.5295	2550	170	208
13.5354	2551	175	1408
13.5416	2552	174	1408
13.5449	2553	170	208
13.5512	2554	176	1408
13.5569	2555	174	1408
13.5607	2556	171	208
13.5665	2557	176	1408
13.5728	2558	174	1408
13.576	2559	171	208
13.5823	2560	176	1408
13.5881	2561	175	1408
13.5918	2562	171	208
13.5948	2563	173	1408
13.6039	2564	175	1408
13.6072	2565	171	208
13.6106	2566	173	1408
13.6192	2567	175	1408
13.623	2568	171	208
13.6259	2569	173	1408
13.635	2570	176	1408
13.6383	2571	172	208
13.6413	2572	174	1408
13.6475	2573	173	1408
13.6541	2574	172	208
13.6571	2575	174	1408
13.6662	2576	176	1408
13.6694	2577	172	208
13.6724	2578	174	1408
13.6786	2579	173	1408
13.6852	2580	173	208
13.6882	2581	175	1408
13.6944	2582	173	1408
13.7006	2583	172	208
13.7035	2584	174	1408
13.7098	2585	173	1408
13.7164	2586	173	208
13.7194	2587	175	1408
13.7251	2588	174	1408
13.7317	2589	172	208
13.7347	2590	174	1408
13.7409	2591	173	1408
13.7475	2592	173	208
13.7505	2593	175	1408
13.7562	2594	174	1408
13.76	2595	170	208
13.7629	2596	172	1408
13.7721	2597	175	1408
13.7787	2598	173	208
13.7816	2599	175	1408
13.7874	2600	174	1408
13.794	2601	173	208
13.797	2602	175	1408
13.8032	2603	175	1408
13.8098	2604	174	208
13.8128	2605	176	1408
13.8185	2606	174	1408
13.8251	2607	174	208
13.8281	2608	176	1408
13.8343	2609	175	1408
13.8376	2610	171	208
13.8406	2611	173	1408
13.8497	2612	175	1408
13.8534	2613	172	208
13.8592	2614	176	1408
13.8655	2615	175	1408
13.8687	2616	171	208
13.8717	2617	173	1408
13.8808	2618	175	1408
13.8845	2619	172	208
13.8875	2620	174	1408
13.8933	2621	173	1408
13.8999	2622	171	208
13.9028	2623	173	1408
13.9119	2624	175	1408
13.9157	2625	172	208
13.9186	2626	174	1408
13.9244	2627	173	1408
13.931	2628	173	208
13.934	2629	174	1408
13.9431	2630	176	1408
13.9468	2631	172	208
13.9498	2632	174	1408
13.9555	2633	173	1408
13.9621	2634	173	208
13.9651	2635	175	1408
13.9713	2636	174	1408
13.978	2637	173	208
13.9809	2638	175	1408
13.9867	2639	173	1408
13.9938	2640	173	208
13.9996	2641	178	1408
14.0054	2642	177	1408
14.012	2643	176	208
14.0154	2644	179	1408
14.024	2645	181	1408
14.0307	2646	179	208
14.0341	2647	182	1408
14.0399	2648	180	1408
14.0465	2649	180	208
14.0494	2650	182	1408
14.0552	2651	181	1408
14.0618	2652	180	208
14.0648	2653	182	1408
14.071	2654	180	1408
14.0776	2655	180	208
14.0806	2656	182	1408
14.0863	2657	181	1408
14.0929	2658	180	208
14.0959	2659	182	1408
14.1021	2660	182	1408
14.1059	2661	178	208
14.1179	2663	182	1408
14.1217	2664	179	208
14.1246	2665	180	1408
14.1309	2666	179	1408
14.1346	2667	176	208
14.1438	2669	177	1408
14.1504	2670	177	208
14.1534	2671	179	1408
14.1625	2672	181	1408
14.1657	2673	177	208
14.1687	2674	179	1408
14.1749	2675	178	1408
14.1816	2676	178	208
14.1845	2677	180	1408
14.1908	2678	179	1408
14.194	2679	176	208
14.197	2680	177	1408
14.2032	2681	177	1408
14.2098	2682	176	208
14.2128	2683	178	1408
14.2185	2684	177	1408
14.2223	2685	174	208
14.2281	2686	179	1408
14.2344	2687	178	1408
14.241	2688	177	208
14.2439	2689	179	1408
14.2497	2690	178	1408
14.2534	2691	175	208
14.2593	2692	180	1408
14.2626	2693	176	1408
14.2692	2694	176	208
14.2722	2695	178	1408
14.2813	2696	180	1408
14.2846	2697	176	208
14.2904	2698	181	1408
14.297	2700	174	208
14.3	2701	175	1408
14.3029	2702	171	1408
14.3066	2703	168	208
14.3096	2704	170	1408
14.3153	2705	170	1408
14.3216	2706	171	1411
14.3253	2707	169	208
14.3283	2708	171	1408
14.334	2709	171	1408
14.3378	2710	169	208
14.3407	2711	171	1408
14.3527	2712	169	1411
14.3618	2713	169	1408
14.368	2714	166	208
14.371	2715	168	1408
14.3801	2716	168	1408
14.3838	2717	162	208
14.3896	2718	167	1408
14.3925	2719	160	1408
14.3958	2720	154	208
14.4021	2721	160	1408
14.4112	2722	159	1408
14.4145	2723	153	208
14.4174	2724	154	1408
14.4294	2725	157	1408
14.436	2726	155	208
14.439	2727	155	1408
14.4481	2728	156	1408
14.4518	2729	150	208
14.4577	2730	154	1408
14.4668	2731	154	1408
14.4705	2732	151	208
14.4735	2733	153	1408
14.4797	2734	152	1411
14.4855	2735	151	1408
14.4916	2736	150	208
14.4979	2737	155	1408
14.5037	2738	154	1408
14.5103	2739	154	208
14.5133	2740	156	1408
14.5224	2741	158	1408
14.5261	2742	155	208
14.5291	2743	157	1408
14.5348	2744	155	1408
14.5386	2745	152	208
14.5415	2746	154	1408
14.5506	2747	156	1408
14.5539	2748	152	208
14.5573	2749	155	1408
14.566	2750	156	1408
14.5697	2751	154	208
14.5727	2752	156	1408
14.5789	2753	155	1408
14.585	2754	155	208
14.588	2755	157	1408
14.5942	2756	156	1408
14.6008	2757	155	208
14.6038	2758	157	1408
14.6129	2759	159	1408
14.6162	2760	156	208
14.6191	2761	158	1408
14.6254	2762	158	1408
14.6286	2763	154	208
14.635	2764	159	1408
14.6407	2765	158	1408
14.6444	2766	155	208
14.6503	2767	160	1408
14.6565	2768	159	1408
14.6598	2769	155	208
14.6632	2770	158	1408
14.6718	2771	159	1408
14.6756	2772	157	208
14.6785	2773	159	1408
14.6877	2774	161	1408
14.6909	2775	157	208
14.6944	2776	160	1408
14.703	2777	161	1408
14.7067	2778	158	208
14.7097	2779	160	1408
14.7188	2780	162	1408
14.722	2781	159	208
14.7255	2782	161	1408
14.7341	2783	164	1408
14.7379	2784	160	208
14.7408	2785	162	1408
14.7499	2786	164	1408
14.7532	2787	161	208
14.7562	2788	163	1408
14.7653	2789	165	1408
14.7656	2790	158	208
14.7691	2791	161	1408
14.7748	2792	159	1408
14.7781	2793	157	208
14.7811	2794	159	1408
14.7902	2795	161	1408
14.7939	2796	157	208
14.7969	2797	159	1408
14.8031	2798	159	1408
14.8092	2799	158	208
14.8122	2800	160	1408
14.8213	2801	162	1408
14.8222	2802	156	208
14.8251	2803	158	1408
14.8338	2804	160	1408
14.8375	2805	157	208
14.8434	2806	162	1408
14.8496	2807	161	1408
14.8528	2808	157	208
14.8558	2809	159	1408
14.8649	2810	161	1408
14.8686	2811	158	208
14.8716	2812	160	1408
14.8807	2813	162	1408
14.884	2814	159	208
14.8869	2815	161	1408
14.8932	2816	160	1408
14.8998	2817	160	208
14.9028	2818	162	1408
14.909	2819	160	1408
14.9122	2820	157	208
14.9181	2821	162	1408
14.9243	2822	160	1408
14.9309	2823	160	208
14.9339	2824	162	1408
14.9396	2825	159	1408
14.9463	2826	160	208
14.9492	2827	162	1408
14.9555	2828	160	1408
14.9587	2829	157	208
14.965	2830	163	1408
14.9708	2831	161	1408
14.9745	2832	158	208
14.9804	2833	163	1408
14.9866	2834	162	1408
14.9899	2835	158	208
14.9962	2836	164	1408
15.0019	2837	162	1408
15.0028	2838	157	208
15.0058	2839	159	1408
15.0144	2840	161	1408
15.0181	2841	158	208
15.0211	2842	160	1408
15.0273	2843	159	1408
15.0334	2844	158	208
15.0364	2845	160	1408
15.0455	2846	162	1408
15.0493	2847	159	208
15.0522	2848	161	1408
15.058	2849	160	1408
15.0646	2850	160	208
15.0676	2851	162	1408
15.0738	2852	161	1408
15.077	2853	158	208
15.0805	2854	160	1408
15.0891	2855	162	1408
15.0929	2856	158	208
15.0958	2857	160	1408
15.1021	2858	160	1408
15.1053	2859	157	208
15.1112	2860	162	1408
15.1174	2861	161	1408
15.1211	2862	158	208
15.1241	2863	160	1408
15.1327	2864	161	1408
15.1364	2865	157	208
15.1423	2866	162	1408
15.1485	2867	162	1408
15.1518	2868	156	208
15.1552	2869	159	1408
15.1639	2870	161	1408
15.1676	2871	157	208
15.1734	2872	162	1408
15.1797	2873	162	1408
15.1829	2874	156	208
15.1864	2875	159	1408
15.195	2876	161	1408
15.1987	2877	158	208
15.2017	2878	160	1408
15.2108	2879	162	1408
15.2141	2880	159	208
15.217	2881	161	1408
15.2261	2882	163	1408
15.2299	2883	159	208
15.2328	2884	161	1408
15.2386	2885	161	1408
15.2423	2886	158	208
15.2453	2887	160	1408
15.2515	2888	159	1408
15.2577	2889	158	208
15.2606	2890	160	1408
15.2669	2891	159	1408
15.2735	2892	159	208
15.2764	2893	161	1408
15.2822	2894	160	1408
15.2859	2895	157	208
15.2918	2896	162	1408
15.298	2897	161	1408
15.3013	2898	158	208
15.3047	2899	160	1408
15.3133	2900	162	1408
15.3171	2901	159	208
15.32	2902	161	1408
15.3263	2903	160	1408
15.3324	2904	159	208
15.3354	2905	161	1408
15.3416	2906	161	1408
15.3448	2907	157	208
15.3483	2908	160	1408
15.3569	2909	161	1408
15.3607	2910	157	208
15.3665	2911	162	1408
15.3727	2912	162	1408
15.376	2913	158	208
15.379	2914	160	1408
15.3852	2915	160	1408
15.3918	2916	159	208
15.3948	2917	161	1408
15.4039	2918	163	1408
15.4071	2919	160	208
15.4101	2920	162	1408
15.4163	2921	160	1408
15.4229	2922	160	208
15.4259	2923	162	1408
15.4317	2924	161	1408
15.4354	2925	158	208
15.4412	2926	163	1408
15.4475	2927	162	1408
15.4507	2928	158	208
15.457	2929	164	1408
15.4628	2930	162	1408
15.4665	2931	160	208
15.4695	2932	162	1408
15.4757	2933	161	1408
15.479	2934	157	208
15.4848	2935	162	1408
15.4911	2936	162	1408
15.4943	2937	158	208
15.4978	2938	160	1408
15.5064	2939	162	1408
15.5101	2940	159	208
15.5131	2941	161	1408
15.5189	2942	160	1408
15.5255	2943	160	208
15.5284	2944	162	1408
15.5347	2945	161	1408
15.5384	2946	158	208
15.5442	2947	163	1408
15.55	2948	161	1408
15.5537	2949	157	208
15.5596	2950	162	1408
15.5658	2951	162	1408
15.5691	2952	159	208
15.572	2953	161	1408
15.5783	2954	160	1408
15.5849	2955	159	208
15.5878	2956	161	1408
15.5969	2957	163	1408
15.6002	2958	160	208
15.6032	2959	162	1408
15.6094	2960	162	1408
15.6131	2961	157	208
15.6161	2962	159	1408
15.6247	2963	161	1408
15.6285	2964	157	208
15.6343	2965	162	1408
15.6405	2966	162	1408
15.6438	2967	156	208
15.6472	2968	159	1408
15.6559	2969	161	1408
15.6596	2970	158	208
15.6626	2971	160	1408
15.6717	2972	162	1408
15.6749	2973	158	208
15.6779	2974	160	1408
15.6841	2975	160	1408
15.6907	2976	159	208
15.6937	2977	161	1408
15.6995	2978	161	1408
15.7032	2979	158	208
15.7062	2980	160	1408
15.7153	2981	162	1408
15.7185	2982	158	208
15.722	2983	160	1408
15.7277	2984	159	1408
15.7343	2985	159	208
15.7373	2986	161	1408
15.7431	2987	160	1408
15.7468	2988	157	208
15.7526	2989	162	1408
15.7589	2990	161	1408
15.7621	2991	158	208
15.7651	2992	160	1408
15.7742	2993	162	1408
15.7779	2994	158	208
15.7809	2995	160	1408
15.79	2996	163	1408
15.7933	2997	159	208
15.7962	2998	161	1408
15.8025	2999	161	1408
15.8062	3000	158	208
15.8092	3001	160	1408
15.8178	3002	161	1408
15.8215	3003	157	208
15.8274	3004	162	1408
15.8336	3005	162	1408
15.8369	3006	158	208
15.8398	3007	160	1408
15.8489	3008	162	1408
15.8527	3009	159	208
15.8556	3010	161	1408
15.8647	3011	163	1408
15.868	3012	160	208
15.871	3013	161	1408
15.8772	3014	162	1408
15.8838	3015	160	208
15.8868	3016	162	1408
15.8925	3017	162	1408
15.8963	3018	159	208
15.8992	3019	161	1408
15.9083	3020	163	1408
15.9116	3021	159	208
15.9146	3022	161	1408
15.9208	3023	160	1408
15.9274	3024	160	208
15.9304	3025	162	1408
15.9361	3026	162	1408
15.9399	3027	157	208
15.9457	3028	162	1408
15.9519	3029	162	1408
15.9552	3030	159	208
15.9582	3031	161	1408
15.9673	3032	163	1408
15.971	3033	160	208
15.974	3034	161	1408
15.9831	3035	163	1408
15.9863	3036	160	208
15.9893	3037	162	1408
15.9955	3038	161	1408
15.9993	3039	158	208
16.0051	3040	163	1408
16.0109	3041	161	1408
16.0175	3042	160	208
16.0204	3043	162	1408
16.0267	3044	162	1408
16.0299	3045	158	208
16.0334	3046	161	1408
16.0391	3047	160	1408
16.0457	3048	159	208
16.0487	3049	161	1408
16.0578	3050	163	1408
16.0611	3051	160	208
16.064	3052	162	1408
16.0703	3053	162	1408
16.0769	3054	160	208
16.0798	3055	162	1408
16.0856	3056	162	1408
16.0893	3057	159	208
16.0923	3058	161	1408
16.1014	3059	163	1408
16.1047	3060	159	208
16.1076	3061	161	1408
16.1139	3062	160	1408
16.1205	3063	160	208
16.1234	3064	162	1408
16.1292	3065	162	1408
16.1329	3066	157	208
16.1388	3067	162	1408
16.145	3068	163	1408
16.1483	3069	159	208
16.1512	3070	161	1408
16.1603	3071	163	1408
16.1641	3072	160	208
16.167	3073	162	1408
16.1761	3074	163	1408
16.1794	3075	160	208
16.1824	3076	162	1408
16.1886	3077	161	1408
16.1952	3078	160	208
16.1982	3079	162	1408
16.2039	3080	161	1408
16.2105	3081	160	208
16.2135	3082	162	1408
16.2197	3083	162	1408
16.223	3084	158	208
16.226	3085	160	1408
16.2322	3086	160	1408
16.2388	3087	159	208
16.2418	3088	161	1408
16.2509	3089	163	1408
16.2541	3090	160	208
16.2571	3091	162	1408
16.2633	3092	162	1408
16.2671	3093	158	208
16.27	3094	160	1408
16.2787	3095	162	1408
16.2824	3096	159	208
16.2854	3097	161	1408
16.2911	3098	160	1408
16.2977	3099	159	208
16.3007	3100	161	1408
16.3069	3101	160	1408
16.3135	3102	160	208
16.3165	3103	162	1408
16.3223	3104	162	1408
16.326	3105	157	208
16.3318	3106	162	1408
16.3381	3107	163	1408
16.3413	3108	159	208
16.3443	3109	161	1408
16.3534	3110	163	1408
16.3571	3111	160	208
16.3601	3112	162	1408
16.3692	3113	163	1408
16.3725	3114	160	208
16.3754	3115	162	1408
16.3817	3116	161	1408
16.3883	3117	160	208
16.3912	3118	162	1408
16.397	3119	162	1408
16.4007	3120	157	208
16.4066	3121	162	1408
16.4128	3122	162	1408
16.4161	3123	159	208
16.419	3124	161	1408
16.4253	3125	160	1408
16.4319	3126	159	208
16.4348	3127	161	1408
16.4439	3128	163	1408
16.4472	3129	160	208
16.4502	3130	162	1408
16.4564	3131	162	1408
16.4597	3132	158	208
16.4631	3133	161	1408
16.4717	3134	162	1408
16.4755	3135	159	208
16.4784	3136	161	1408
16.4842	3137	160	1408
16.4908	3138	159	208
16.4938	3139	161	1408
16.5	3140	161	1408
16.5066	3141	160	208
16.5096	3142	162	1408
16.5153	3143	162	1408
16.5191	3144	158	208
16.5249	3145	162	1408
16.5311	3146	163	1408
16.5344	3147	159	208
16.5374	3148	161	1408
16.5465	3149	163	1408
16.5502	3150	160	208
16.5532	3151	162	1408
16.5623	3152	163	1408
16.5655	3153	160	208
16.5685	3154	162	1408
16.5747	3155	161	1408
16.5813	3156	160	208
16.5843	3157	162	1408
16.5901	3158	162	1408
16.5938	3159	157	208
16.5996	3160	162	1408
16.6059	3161	162	1408
16.6091	3162	159	208
16.6121	3163	161	1408
16.6183	3164	160	1408
16.6249	3165	159	208
16.6279	3166	161	1408
16.637	3167	163	1408
16.6403	3168	160	208
16.6432	3169	162	1408
16.6495	3170	161	1408
16.6532	3171	158	208
16.6562	3172	160	1408
16.6648	3173	161	1408
16.6685	3174	158	208
16.6715	3175	160	1408
16.6806	3176	162	1408
16.6839	3177	159	208
16.6868	3178	161	1408
16.6931	3179	161	1408
16.6997	3180	160	208
16.7026	3181	162	1408
16.7084	3182	161	1408
16.7121	3183	157	208
16.718	3184	161	1408
16.7242	3185	162	1408
16.7275	3186	158	208
16.7309	3187	160	1408
16.7395	3188	162	1408
16.7433	3189	159	208
16.7462	3190	161	1408
16.7553	3191	163	1408
16.7586	3192	159	208
16.7616	3193	161	1408
16.7678	3194	161	1408
16.7744	3195	160	208
16.7774	3196	162	1408
16.7831	3197	162	1408
16.7869	3198	157	208
16.7927	3199	162	1408
16.7989	3200	162	1408
16.8022	3201	159	208
16.8052	3202	161	1408
16.8143	3203	163	1408
16.818	3204	160	208
16.821	3205	161	1408
16.8301	3206	163	1408
16.8333	3207	160	208
16.8363	3208	162	1408
16.8425	3209	161	1408
16.8463	3210	158	208
16.8492	3211	160	1408
16.8579	3212	161	1408
16.8616	3213	158	208
16.8646	3214	160	1408
16.8737	3215	162	1408
16.8769	3216	159	208
16.8799	3217	161	1408
16.8861	3218	161	1408
16.8927	3219	160	208
16.8957	3220	162	1408
16.9015	3221	161	1408
16.9052	3222	158	208
16.9082	3223	160	1408
16.9173	3224	162	1408
16.9205	3225	159	208
16.9235	3226	161	1408
16.9297	3227	160	1408
16.9363	3228	160	208
16.9393	3229	162	1408
16.9451	3230	161	1408
16.9517	3231	160	208
16.9546	3232	162	1408
16.9609	3233	162	1408
16.9641	3234	159	208
16.9671	3235	161	1408
16.9762	3236	163	1408
16.9799	3237	159	208
16.9829	3238	161	1408
16.992	3239	164	1408
16.9953	3240	161	208
16.9982	3241	163	1408
17.0045	3242	162	1408
17.0077	3243	158	208
17.0112	3244	161	1408
17.0198	3245	162	1408
17.0264	3246	162	208
17.0294	3247	164	1408
17.0385	3248	167	1408
17.0422	3249	164	208
17.0481	3250	169	1408
17.0543	3251	168	1408
17.0609	3252	167	208
17.0667	3253	172	1408
17.073	3254	171	1408
17.0796	3255	171	208
17.0826	3256	173	1408
17.0917	3257	176	1408
17.0954	3258	173	208
17.1012	3259	178	1408
17.107	3260	178	1408
17.1136	3261	179	208
17.1166	3262	181	1408
17.1199	3263	179	1408
17.1265	3264	180	208
17.1324	3266	180	1408
17.139	3267	181	208
17.1424	3269	179	1408
17.1462	3270	177	208
17.1549	3272	179	1408
17.1586	3273	177	208
17.1678	3275	180	1408
17.1687	3276	176	208
17.1745	3277	181	1408
17.1811	3279	177	208
17.1841	3280	179	1408
17.1899	3281	179	1408
17.1965	3282	177	208
17.1994	3283	179	1408
17.2085	3284	179	1408
17.2123	3285	174	208
17.2152	3286	176	1408
17.2244	3287	176	1408
17.231	3288	173	208
17.2339	3289	175	1408
17.243	3290	176	1408
17.2463	3291	170	208
17.2526	3292	174	1408
17.2584	3293	172	1408
17.265	3294	169	208
17.2684	3295	171	1408
17.2771	3296	171	1408
17.2808	3297	166	208
17.2866	3298	170	1408
17.2957	3299	170	1408
17.2995	3300	165	208
17.3024	3301	167	1408
17.3115	3302	167	1408
17.3269	3303	164	1411
17.3273	3304	165	208
17.3302	3305	168	1408
17.3393	3306	167	1411
17.3451	3307	167	1408
17.3513	3308	166	1411
17.3551	3309	163	208
17.358	3310	165	1408
17.3609	3311	161	1411
17.3638	3312	157	1408
17.3667	3313	153	1411
17.3671	3314	148	208
17.37	3315	150	1408
17.3758	3316	148	1408
17.3819	3317	147	208
17.3849	3318	149	1408
17.3935	3319	152	1408
17.3973	3320	149	208
17.4002	3321	151	1408
17.406	3322	149	1408
17.4126	3323	150	208
17.4156	3324	152	1408
17.4218	3325	151	1408
17.4284	3326	151	208
17.4314	3327	153	1408
17.4371	3328	153	1408
17.4409	3329	149	208
17.4467	3330	154	1408
17.4529	3331	153	1408
17.4595	3332	152	208
17.4625	3333	155	1408
17.4716	3334	155	1408
17.4782	3335	153	208
17.4812	3336	156	1408
17.4869	3337	154	1408
17.4936	3338	152	208
17.4965	3339	155	1408
17.509	3340	151	1408
17.5122	3341	149	208
17.5157	3342	151	1408
17.5243	3343	153	1408
17.528	3344	150	208
17.531	3345	153	1408
17.5401	3346	155	1408
17.5434	3347	151	208
17.5468	3348	153	1408
17.5555	3349	156	1408
17.5592	3350	153	208
17.565	3351	158	1408
17.5713	3352	157	1408
17.5745	3353	154	208
17.5808	3354	159	1408
17.5866	3355	158	1408
17.5903	3356	155	208
17.5962	3357	160	1408
17.5991	3358	157	1408
17.6057	3359	156	208
17.6086	3360	158	1408
17.6177	3361	160	1408
17.6215	3362	158	208
17.6244	3363	160	1408
17.6302	3364	159	1408
17.6339	3365	155	208
17.6398	3366	160	1408
17.646	3367	161	1408
17.6493	3368	157	208
17.6522	3369	159	1408
17.6613	3370	161	1408
17.6651	3371	159	208
17.668	3372	161	1408
17.6738	3373	159	1408
17.6804	3374	159	208
17.6834	3375	161	1408
17.6896	3376	161	1408
17.6962	3377	161	208
17.6992	3378	163	1408
17.7049	3379	161	1408
17.7087	3380	159	208
17.7145	3381	164	1408
17.7207	3382	163	1408
17.724	3383	159	208
17.7274	3384	162	1408
17.7361	3385	165	1408
17.7398	3386	161	208
17.7456	3387	166	1408
17.7519	3388	165	1408
17.7585	3389	163	208
17.7615	3390	166	1408
17.7672	3391	165	1408
17.7738	3392	163	208
17.7768	3393	166	1408
17.783	3394	166	1408
17.7896	3395	163	208
17.7926	3396	166	1408
17.7983	3397	165	1408
17.805	3398	164	208
17.8079	3399	166	1408
17.8142	3400	167	1408
17.8179	3401	163	208
17.8237	3402	168	1408
17.8295	3403	167	1408
17.8332	3404	164	208
17.8362	3405	167	1408
17.8419	3406	165	1408
17.8486	3407	165	208
17.8515	3408	167	1408
17.8606	3409	169	1408
17.8644	3410	166	208
17.8673	3411	169	1408
17.8731	3412	168	1408
17.8797	3413	166	208
17.8827	3414	169	1408
17.8889	3415	168	1408
17.8921	3416	163	208
17.8951	3417	166	1408
17.9042	3418	168	1408
17.908	3419	163	208
17.9109	3420	166	1408
17.9172	3421	166	1408
17.9233	3422	165	208
17.9263	3423	167	1408
17.9325	3424	166	1408
17.9391	3425	164	208
17.9421	3426	167	1408
17.9483	3427	166	1408
17.9544	3428	163	208
17.9574	3429	166	1408
17.9636	3430	165	1408
17.9702	3431	164	208
17.9732	3432	167	1408
17.979	3433	165	1408
17.9856	3434	163	208
17.9885	3435	166	1408
17.9976	3436	168	1408
18.0014	3437	163	208
18.0043	3438	166	1408
18.0106	3439	165	1408
18.0167	3440	163	208
18.0197	3441	166	1408
18.0288	3442	168	1408
18.0325	3443	165	208
18.0355	3444	167	1408
18.0412	3445	167	1408
18.0478	3446	166	208
18.0508	3447	168	1408
18.057	3448	167	1408
18.0608	3449	163	208
18.0638	3450	166	1408
18.0724	3451	168	1408
18.0761	3452	164	208
18.0791	3453	167	1408
18.0853	3454	166	1408
18.0914	3455	165	208
18.0944	3456	167	1408
18.1035	3457	169	1408
18.1073	3458	166	208
18.1102	3459	169	1408
18.116	3460	167	1408
18.1226	3461	166	208
18.1256	3462	169	1408
18.1318	3463	168	1408
18.135	3464	163	208
18.138	3465	166	1408
18.1471	3466	168	1408
18.1508	3467	163	208
18.1538	3468	166	1408
18.16	3469	166	1408
18.1662	3470	163	208
18.1692	3471	166	1408
18.1754	3472	165	1408
18.182	3473	163	208
18.185	3474	166	1408
18.1941	3475	167	1408
18.1973	3476	163	208
18.2003	3477	166	1408
18.2065	3478	165	1408
18.2131	3479	164	208
18.2161	3480	167	1408
18.2252	3481	167	1408
18.2285	3482	163	208
18.2314	3483	166	1408
18.2405	3484	168	1408
18.2443	3485	164	208
18.2472	3486	167	1408
18.253	3487	165	1408
18.2596	3488	165	208
18.2626	3489	167	1408
18.2717	3490	169	1408
18.2754	3491	166	208
18.2784	3492	169	1408
18.2841	3493	168	1408
18.2907	3494	166	208
18.2937	3495	169	1408
18.2999	3496	166	1408
18.3032	3497	163	208
18.3062	3498	166	1408
18.3153	3499	168	1408
18.319	3500	164	208
18.322	3501	166	1408
18.3282	3502	166	1408
18.3343	3503	165	208
18.3373	3504	167	1408
18.3435	3505	166	1408
18.3501	3506	167	208
18.3531	3507	169	1408
18.3589	3508	167	1408
18.3655	3509	166	208
18.3684	3510	169	1408
18.3747	3511	168	1408
18.3779	3512	162	208
18.3809	3513	165	1408
18.39	3514	166	1408
18.3937	3515	163	208
18.3967	3516	165	1408
18.4029	3517	164	1408
18.4091	3518	163	208
18.412	3519	166	1408
18.4211	3520	166	1408
18.4249	3521	163	208
18.4307	3522	168	1408
18.437	3523	166	1408
18.4402	3524	163	208
18.4432	3525	166	1408
18.4494	3526	165	1408
18.456	3527	164	208
18.459	3528	166	1408
18.4681	3529	167	1408
18.4714	3530	163	208
18.4743	3531	166	1408
18.4834	3532	168	1408
18.4872	3533	164	208
18.4901	3534	167	1408
18.4959	3535	165	1408
18.5025	3536	165	208
18.5055	3537	167	1408
18.5146	3538	169	1408
18.5183	3539	166	208
18.5213	3540	169	1408
18.527	3541	168	1408
18.5336	3542	166	208
18.5366	3543	169	1408
18.5428	3544	168	1408
18.5461	3545	163	208
18.5491	3546	166	1408
18.5582	3547	168	1408
18.5619	3548	163	208
18.5649	3549	166	1408
18.5711	3550	166	1408
18.5772	3551	165	208
18.5802	3552	167	1408
18.5864	3553	166	1408
18.593	3554	167	208
18.596	3555	169	1408
18.6018	3556	167	1408
18.6084	3557	166	208
18.6113	3558	169	1408
18.6176	3559	166	1408
18.6242	3560	164	208
18.6271	3561	167	1408
18.6329	3562	165	1408
18.6366	3563	162	208
18.6396	3564	164	1408
18.6487	3565	167	1408
18.652	3566	162	208
18.6549	3567	165	1408
18.664	3568	166	1408
18.6706	3569	166	208
18.6736	3570	168	1408
18.6798	3571	166	1408
18.6831	3572	163	208
18.6861	3573	166	1408
18.6952	3574	168	1408
18.6989	3575	163	208
18.7019	3576	166	1408
18.711	3577	166	1408
18.7142	3578	163	208
18.7172	3579	166	1408
18.7263	3580	168	1408
18.7301	3581	164	208
18.733	3582	167	1408
18.7393	3583	166	1408
18.7454	3584	165	208
18.7484	3585	167	1408
18.7575	3586	169	1408
18.7612	3587	167	208
18.7642	3588	169	1408
18.7699	3589	167	1408
18.7765	3590	166	208
18.7795	3591	169	1408
18.7857	3592	168	1408
18.789	3593	162	208
18.792	3594	165	1408
18.8011	3595	168	1408
18.8048	3596	163	208
18.8078	3597	166	1408
18.8135	3598	165	1408
18.8201	3599	163	208
18.8231	3600	166	1408
18.8293	3601	165	1408
18.8359	3602	164	208
18.8389	3603	166	1408
18.8447	3604	166	1408
18.8513	3605	166	208
18.8542	3606	168	1408
18.8605	3607	166	1408
18.8671	3608	164	208
18.87	3609	167	1408
18.8758	3610	165	1408
18.8795	3611	162	208
18.8854	3612	167	1408
18.8916	3613	166	1408
18.8949	3614	163	208
18.8983	3615	166	1408
18.9069	3616	165	1408
18.9135	3617	166	208
18.9165	3618	168	1408
18.9227	3619	166	1408
18.926	3620	162	208
18.929	3621	165	1408
18.9381	3622	168	1408
18.9418	3623	163	208
18.9448	3624	166	1408
18.9539	3625	166	1408
18.9571	3626	163	208
18.9601	3627	166	1408
18.9692	3628	168	1408
18.9729	3629	163	208
18.9759	3630	166	1408
18.9821	3631	166	1408
18.9883	3632	165	208
18.9912	3633	167	1408
18.9975	3634	166	1408
19.0041	3635	167	208
19.0071	3636	169	1408
19.0128	3637	167	1408
19.0194	3638	166	208
19.0224	3639	169	1408
19.0286	3640	168	1408
19.0319	3641	162	208
19.0348	3642	165	1408
19.0439	3643	167	1408
19.0477	3644	163	208
19.0507	3645	166	1408
19.0569	3646	165	1408
19.063	3647	163	208
19.066	3648	165	1408
19.0751	3649	168	1408
19.0788	3650	163	208
19.0818	3651	166	1408
19.0875	3652	165	1408
19.0942	3653	165	208
19.0971	3654	167	1408
19.1034	3655	166	1408
19.11	3656	163	208
19.1129	3657	166	1408
19.1192	3658	166	1408
19.1253	3659	165	208
19.1283	3660	167	1408
19.1345	3661	166	1408
19.1377	3662	163	208
19.1412	3663	166	1408
19.1498	3664	166	1408
19.1536	3665	163	208
19.1565	3666	166	1408
19.1656	3667	166	1408
19.1689	3668	162	208
19.1719	3669	165	1408
19.181	3670	167	1408
19.1847	3671	163	208
19.1877	3672	166	1408
19.1968	3673	168	1408
19.2	3674	163	208
19.203	3675	166	1408
19.2121	3676	168	1408
19.2158	3677	163	208
19.2188	3678	166	1408
19.2246	3679	165	1408
19.2312	3680	165	208
19.2341	3681	167	1408
19.2404	3682	166	1408
19.247	3683	166	208
19.2499	3684	168	1408
19.2557	3685	167	1408
19.2623	3686	166	208
19.2653	3687	169	1408
19.2715	3688	166	1408
19.2748	3689	163	208
19.2782	3690	166	1408
19.2868	3691	167	1408
19.2906	3692	163	208
19.2935	3693	166	1408
19.2998	3694	165	1408
19.3059	3695	162	208
19.3089	3696	165	1408
19.318	3697	167	1408
19.3217	3698	163	208
19.3247	3699	166	1408
19.3309	3700	165	1408
19.337	3701	165	208
19.34	3702	167	1408
19.3462	3703	167	1408
19.3529	3704	166	208
19.3558	3705	168	1408
19.3616	3706	166	1408
19.3682	3707	167	208
19.3712	3708	169	1408
19.3774	3709	166	1408
19.3806	3710	163	208
19.3841	3711	166	1408
19.3927	3712	166	1408
19.3964	3713	163	208
19.3994	3714	166	1408
19.4085	3715	166	1408
19.4118	3716	163	208
19.4152	3717	166	1408
19.4239	3718	167	1408
19.4276	3719	163	208
19.4306	3720	166	1408
19.4397	3721	168	1408
19.4429	3722	162	208
19.4459	3723	165	1408
19.455	3724	167	1408
19.4587	3725	163	208
19.4617	3726	166	1408
19.4675	3727	165	1408
19.4741	3728	165	208
19.477	3729	167	1408
19.4833	3730	167	1408
19.487	3731	163	208
19.4928	3732	168	1408
19.4986	3733	167	1408
19.5052	3734	167	208
19.5082	3735	170	1408
19.5144	3736	166	1408
19.5177	3737	163	208
19.5211	3738	166	1408
19.5297	3739	167	1408
19.5335	3740	163	208
19.5364	3741	166	1408
19.5427	3742	165	1408
19.5488	3743	163	208
19.5518	3744	166	1408
19.5609	3745	168	1408
19.5646	3746	163	208
19.5676	3747	166	1408
19.5738	3748	165	1408
19.5799	3749	164	208
19.5829	3750	166	1408
19.5891	3751	167	1408
19.5929	3752	163	208
19.5987	3753	168	1408
19.6045	3754	166	1408
19.6111	3755	166	208
19.614	3756	169	1408
19.6203	3757	167	1408
19.6235	3758	163	208
19.6265	3759	166	1408
19.6356	3760	166	1408
19.6393	3761	164	208
19.6423	3762	166	1408
19.6514	3763	166	1408
19.6547	3764	163	208
19.6581	3765	166	1408
19.6667	3766	167	1408
19.6705	3767	163	208
19.6735	3768	166	1408
19.6826	3769	168	1408
19.6858	3770	163	208
19.6888	3771	166	1408
19.6979	3772	168	1408
19.7016	3773	163	208
19.7046	3774	166	1408
19.7108	3775	165	1408
19.717	3776	164	208
19.7199	3777	166	1408
19.7262	3778	167	1408
19.7299	3779	163	208
19.7357	3780	168	1408
19.7415	3781	167	1408
19.7481	3782	167	208
19.7511	3783	170	1408
19.7573	3784	167	1408
19.7605	3785	163	208
19.7635	3786	166	1408
19.7726	3787	168	1408
19.7764	3788	163	208
19.7793	3789	166	1408
19.7856	3790	165	1408
19.7917	3791	163	208
19.7947	3792	166	1408
19.8038	3793	168	1408
19.8075	3794	165	208
19.8105	3795	167	1408
19.8162	3796	167	1408
19.8228	3797	166	208
19.8258	3798	168	1408
19.832	3799	168	1408
19.8353	3800	165	208
19.8383	3801	167	1408
19.8474	3802	169	1408
19.8511	3803	166	208
19.8541	3804	168	1408
19.8598	3805	167	1408
19.8635	3806	164	208
19.8694	3807	169	1408
19.8756	3808	168	1408
19.8789	3809	165	208
19.8819	3810	167	1408
19.891	3811	169	1408
19.8947	3812	166	208
19.8977	3813	168	1408
19.9034	3814	168	1408
19.91	3815	168	208
19.913	3816	169	1408
19.9192	3817	169	1408
19.923	3818	166	208
19.9288	3819	171	1408
19.9346	3820	170	1408
19.9412	3821	170	208
19.9441	3822	172	1408
19.9504	3823	172	1408
19.9536	3824	168	208
19.9566	3825	170	1408
19.9657	3826	172	1408
19.9694	3827	170	208
19.9724	3828	172	1408
19.9781	3829	171	1408
19.9819	3830	167	208
19.9877	3831	172	1408
19.994	3832	172	1408
19.9972	3833	169	208
