0.01	0
0.01	0
0.01	0
0.01	0
0.01	0
0.01	0
0.01	0
0.01	0
0.01	0
0.01	0
0.01	0
0.013	0
0.013	0
0.017	0
0.133796	90
0.134796	90
0.146229	434
0.155317	650
0.156693	661
0.162533	783
0.167533	783
0.168533	783
0.173533	783
0.178533	783
0.178533	783
0.183533	783
0.188533	783
0.189533	783
0.194533	783
0.199533	783
0.200533	783
0.205533	783
0.210533	783
0.210533	783
0.215533	783
0.220533	783
0.221533	783
0.226533	783
0.231533	783
0.232533	783
0.237533	783
0.242458	882
0.242458	882
0.24777	965
0.25177	965
0.25177	965
0.25577	965
0.262946	965
0.262946	965
0.266946	965
0.282066	965
0.282066	965
0.286066	965
0.291154	965
0.291154	965
0.295154	965
0.303592	965
0.303592	965
0.307592	965
0.31316	965
0.31316	965
0.3256	965
0.33182	965
0.33182	965
0.34426	965
0.356228	965
0.356228	965
0.372016	965
0.38111	965
0.38111	965
0.390676	965
0.405992	965
0.405992	965
0.42178	965
0.428	965
0.428	965
0.443788	965
0.455756	965
0.455756	965
0.465322	1006
0.468322	1006
0.469322	1006
0.474416	1006
0.483982	1010
0.483982	1010
0.493076	1014
0.508864	1033
0.508864	1033
0.51221	1062
0.51621	1062
0.51621	1062
0.52021	1062
0.53422	1062
0.53422	1062
0.538092	1085
0.543397	1105
0.543397	1105
0.547397	1105
0.553262	1105
0.559109	1105
0.562927	1125
0.563927	1125
0.566927	1125
0.572021	1127
0.572021	1127
0.581587	1127
0.590681	1132
0.590681	1132
0.593681	1132
0.603599	1134
0.603599	1134
0.618917	1134
0.631361	1134
0.631361	1134
0.637583	1134
0.653375	1134
0.653375	1134
0.668693	1134
0.674915	1134
0.674915	1134
0.690233	1134
0.699803	1148
0.699803	1148
0.712247	1148
0.718469	1152
0.718469	1152
0.721343	1180
0.725343	1180
0.725343	1180
0.756199	1180
0.759169	1180
0.762169	1180
0.765773	1180
0.769222	1180
0.772222	1180
0.773222	1180
0.784548	1180
0.790296	1180
0.790296	1180
0.793644	1180
0.799392	1180
0.799392	1180
0.802733	1180
0.812211	1180
0.815181	1180
0.815181	1180
0.82179	1180
0.82476	1180
0.83051	1180
0.83051	1180
0.843438	1180
0.846312	1180
0.846312	1180
0.853012	1180
0.868342	1180
0.868342	1180
0.880794	1180
0.884144	1187
0.884144	1187
0.899948	1192
0.915278	1192
0.915278	1192
0.921502	1192
0.933956	1207
0.933956	1207
0.936956	1207
0.946408	1207
0.946408	1207
0.961738	1207
0.971314	1207
0.971314	1207
0.975048	1207
0.987132	1262
0.990006	1262
0.99388	1300
0.99388	1300
0.99688	1300
0.999117	1335
1.00012	1335
1.00237	1348
1.00534	1379
1.00634	1379
1.00934	1379
1.01134	1379
1.01234	1379
1.01583	1408
1.0178	1433
1.0188	1433
1.02167	1433
1.02367	1433
1.02442	1433
1.02642	1433
1.02939	1433
1.03026	1433
1.03226	1433
1.03526	1433
1.03526	1433
1.03801	1475
1.04127	1475
1.04127	1475
1.04424	1475
1.04611	1481
1.04711	1481
1.05134	1481
1.05468	1488
1.05468	1488
1.06379	1488
1.06713	1488
1.06713	1488
1.07289	1488
1.07911	1488
1.07911	1488
1.08534	1488
1.09156	1500
1.09156	1500
1.09779	1500
1.10737	1500
1.10737	1500
1.11312	1500
1.11982	1524
1.11982	1524
1.12182	1524
1.12469	1552
1.12469	1552
1.12795	1552
1.12992	1552
1.13092	1552
1.13467	1552
1.14137	1552
1.14137	1552
1.14424	1552
1.15047	1597
1.15047	1597
1.15247	1597
1.15622	1597
1.15622	1597
1.15957	1604
1.16244	1631
1.16244	1631
1.16482	1631
1.16866	1631
1.16866	1631
1.17154	1659
1.17339	1659
1.17339	1659
1.17824	1659
1.18111	1672
1.18111	1672
1.18734	1705
1.18934	1705
1.18934	1705
1.19169	1804
1.19494	1804
1.19494	1804
1.19691	1804
1.19891	1804
1.19978	1804
1.20178	1804
1.20304	1804
1.20304	1804
1.20601	1861
1.20801	1861
1.20801	1861
1.21088	1894
1.21261	1894
1.21558	1894
1.21846	1894
1.22171	1894
1.22468	1908
1.22755	1967
1.22855	1967
1.22955	1967
1.23128	1967
1.23425	2017
1.23425	2017
1.23713	2017
1.23813	2017
1.23913	2017
1.24335	2024
1.24958	2024
1.24958	2024
1.25293	2042
1.25393	2042
1.25493	2042
1.26203	2079
1.26303	2079
1.26403	2079
1.26825	2079
1.27448	2089
1.27448	2089
1.28405	2168
1.28505	2168
1.28605	2168
1.2898	2232
1.2908	2232
1.2918	2232
1.29938	2232
1.30038	2232
1.30138	2232
1.30561	2232
1.30661	2232
1.30761	2232
1.31806	2232
1.32428	2232
1.32428	2232
1.33386	2232
1.33673	2232
1.33673	2232
1.34296	2232
1.34918	2232
1.34918	2232
1.35253	2232
1.35828	2232
1.35828	2232
1.36786	2232
1.37121	2232
1.37121	2232
1.38031	2232
1.38366	2232
1.38366	2232
1.38988	2232
1.39563	2232
1.39563	2232
1.40233	2232
1.40808	2232
1.40808	2232
1.41191	2232
1.41766	2232
1.41766	2232
1.42388	2232
1.43011	2232
1.43011	2232
1.43345	2232
1.43968	2232
1.43968	2232
1.44256	2232
1.44256	2232
1.44456	2232
1.44879	2232
1.44879	2232
1.45017	2232
1.45017	2232
1.45214	2232
1.45353	2232
1.4555	2232
1.4555	2232
1.45838	2232
1.46126	2232
1.46126	2232
1.46364	2232
1.46364	2232
1.46561	2232
1.47036	2232
1.47036	2232
1.47419	2232
1.47994	2232
1.47994	2232
1.4833	2232
1.48416	2232
1.48713	2232
1.48851	2232
1.48951	2232
1.49384	2232
1.49484	2232
1.50007	2232
1.50007	2232
1.50294	2232
1.50965	2232
1.51065	2232
1.51165	2232
1.51636	2232
1.51736	2232
1.52297	2232
1.52594	2232
1.53217	2232
1.53355	2232
1.53552	2232
1.54127	2232
1.54213	2232
1.54511	2232
1.54611	2232
1.54836	2232
1.55133	2232
1.55421	2246
1.55794	2246
1.56379	2283
1.56479	2283
1.56479	2283
1.56753	2283
1.5705	2283
1.57625	2302
1.57998	2302
1.58295	2302
1.58871	2302
1.59244	2302
1.59541	2302
1.59829	2302
1.60154	2302
1.616	2302
1.61797	2302
1.63143	2302
1.64589	2302
1.64764	2302
1.66148	2302
1.67556	2319
1.67756	2319
1.69127	2319
1.70513	2319
1.71955	2319
1.72152	2319
1.73546	2319
1.75028	2319
1.76461	2319
1.77807	2330
1.7924	2417
1.80576	2553
1.80976	2553
1.81449	2585
1.81549	2585
1.81922	2585
1.82307	2585
1.82407	2585
1.82894	2596
1.83365	2596
1.83365	2596
1.8384	2596
1.8424	2596
1.8434	2596
1.84748	2596
1.85133	2596
1.85233	2596
1.85633	2596
1.86108	2596
1.86108	2596
1.86669	2596
1.87002	2596
1.87002	2596
1.87502	2596
1.87902	2596
1.88012	2596
1.88412	2596
1.88826	2596
1.88926	2596
1.89311	2596
1.89811	2596
1.89811	2596
1.90375	2596
1.90775	2596
1.90875	2596
1.91274	2596
1.91674	2596
1.91774	2596
1.92186	2596
1.92686	2596
1.92686	2596
1.93186	2596
1.93531	2596
1.93619	2596
1.94007	2596
1.94407	2596
1.94583	2596
1.94983	2596
1.95494	2596
1.95494	2596
1.95994	2596
1.96305	2596
1.96405	2596
1.96805	2596
1.97219	2596
1.97364	2596
1.97764	2596
1.98265	2596
1.98265	2596
1.9875	2596
1.99123	2596
1.99223	2596
1.9962	2596
2.00033	2596
2.00133	2596
2.00578	2596
2.01053	2596
2.01053	2596
2.01576	2596
2.01911	2596
2.02011	2596
2.02437	2596
2.02834	2596
2.02934	2596
2.03395	2596
2.03792	2596
2.03892	2596
2.04267	2596
2.0479	2596
2.0479	2596
2.0529	2596
2.05648	2596
2.05748	2596
2.06148	2596
2.06523	2596
2.06696	2596
2.07094	2596
2.07507	2596
2.07507	2596
2.08004	2596
2.08404	2596
2.08527	2596
2.08952	2596
2.09337	2596
2.09437	2596
2.0981	2596
2.10308	2596
2.10308	2596
2.10821	2596
2.11266	2596
2.11366	2596
2.11741	2596
2.12164	2596
2.12264	2596
2.12699	2596
2.13122	2596
2.13122	2596
2.13622	2596
2.14082	2596
2.14182	2596
2.14567	2596
2.14955	2596
2.1508	2596
2.15478	2596
2.159	2596
2.159	2596
2.16436	2596
2.16811	2596
2.16911	2596
2.17384	2596
2.17769	2596
2.17869	2596
2.18294	2596
2.18792	2596
2.18792	2596
2.19114	2596
2.19637	2596
2.19637	2596
2.20125	2596
2.20595	2596
2.20695	2596
2.21095	2596
2.21408	2596
2.21506	2596
2.21906	2596
2.22428	2596
2.22428	2596
2.22951	2596
2.23386	2596
2.23412	2596
2.23809	2596
2.24209	2596
2.24322	2596
2.24767	2596
2.25242	2596
2.25242	2596
2.25768	2596
2.26165	2596
2.26265	2596
2.26626	2596
2.27023	2596
2.27123	2596
2.27598	2596
2.28069	2596
2.28069	2596
2.28556	2596
2.28979	2596
2.29079	2596
2.29479	2596
2.2984	2596
2.29937	2596
2.30337	2596
2.30812	2596
2.30812	2596
2.31383	2596
2.31758	2596
2.31896	2596
2.32293	2596
2.32693	2596
2.32716	2596
2.33142	2596
2.33626	2596
2.33626	2596
2.342	2596
2.34597	2596
2.34597	2596
2.35058	2596
2.35458	2596
2.35542	2596
2.3593	2596
2.36356	2596
2.36453	2596
2.36888	2596
2.37314	2596
2.37314	2596
2.37811	2596
2.38286	2596
2.38359	2596
2.38756	2596
2.39144	2596
2.39244	2596
2.39667	2596
2.40167	2596
2.40167	2596
2.40625	2596
2.41025	2596
2.411	2596
2.41573	2596
2.4197	2596
2.4207	2596
2.42484	2596
2.42981	2596
2.42981	2596
2.43404	2596
2.43829	2596
2.43926	2596
2.44362	2596
2.44787	2596
2.44884	2596
2.45284	2596
2.45795	2596
2.45795	2596
2.46295	2596
2.46618	2596
2.46718	2596
2.4714	2596
2.4754	2596
2.4764	2596
2.48098	2596
2.48574	2596
2.48574	2596
2.49012	2596
2.49444	2596
2.49532	2596
2.49957	2596
2.50354	2596
2.50454	2596
2.50815	2596
2.51315	2596
2.51315	2596
2.51788	2596
2.52261	2596
2.52261	2596
2.52746	2596
2.53171	2596
2.53268	2596
2.53668	2596
2.54029	2596
2.54129	2596
2.54514	2596
2.55002	2596
2.55002	2596
2.55572	2596
2.55972	2596
2.56047	2596
2.56482	2596
2.56882	2596
2.56982	2596
2.57305	2596
2.57828	2596
2.57828	2596
2.58389	2596
2.58786	2596
2.58886	2596
2.59261	2596
2.60119	2596
2.60119	2596
2.60742	2596
2.61365	2596
2.61365	2596
2.62275	2596
2.62946	2596
2.62946	2596
2.63568	2596
2.64479	2596
2.64479	2596
2.65188	2596
2.66396	2596
2.6677	2596
2.67167	2596
2.67267	2596
2.67602	2596
2.68172	2596
2.68172	2596
2.6866	2596
2.6903	2596
2.6903	2596
2.6953	2596
2.69989	2596
2.70362	2596
2.7086	2596
2.7086	2596
2.7136	2596
2.71756	2596
2.72253	2596
2.72253	2596
2.72624	2596
2.73124	2596
2.73124	2596
2.73672	2596
2.74056	2596
2.74453	2596
2.74928	2596
2.74928	2596
2.75401	2596
2.75886	2596
2.75986	2596
2.76312	2596
2.76712	2596
2.76883	2596
2.7728	2596
2.77793	2596
2.7819	2596
2.7829	2596
2.78613	2596
2.79048	2596
2.79148	2596
2.79523	2596
2.80097	2596
2.80097	2596
2.80582	2596
2.80955	2596
2.81355	2596
2.8144	2596
2.81875	2596
2.83356	2314
2.83979	2314
2.83979	2314
2.8464	2314
2.85037	2314
2.8556	2314
2.8566	2314
2.86518	2314
2.87468	2314
2.87865	2314
2.87965	2314
2.88488	2314
2.88963	2314
2.89063	2314
2.89463	2314
2.90116	2314
2.90116	2314
2.90604	2314
2.91317	2314
2.91317	2314
2.91852	2314
2.92563	2314
2.92563	2314
2.93138	2314
2.93573	2314
2.93673	2314
2.94148	2314
2.94671	2314
2.94771	2314
2.95159	2314
2.95673	2314
2.95773	2314
2.9627	2314
2.96781	2314
2.96781	2314
2.97281	2314
2.97792	2314
2.97892	2314
2.98305	2314
2.98802	2314
2.98802	2314
2.99325	2314
2.99848	2314
2.99948	2314
3.00436	2314
3.00906	2314
3.00906	2314
3.01481	2314
3.01981	2314
3.02004	2314
3.02539	2314
3.02915	2314
3.03015	2314
3.03538	2314
3.04038	2314
3.04138	2314
3.04586	2314
3.05084	2314
3.05119	2314
3.05619	2314
3.0612	2314
3.0622	2314
3.06617	2314
3.07117	2314
3.07217	2314
3.07764	2217
3.08287	2217
3.08787	2217
3.08887	2217
3.09385	2217
3.0981	2217
3.0991	2217
3.10407	2217
3.10907	2217
3.11018	2217
3.11518	2217
3.12066	2217
3.12066	2217
3.12664	2217
3.13112	2217
3.13112	2217
3.13609	2217
3.14232	2217
3.14232	2217
3.14755	2217
3.15228	2217
3.15325	2217
3.15825	2217
3.16326	2217
3.16426	2217
3.16923	2217
3.17481	2217
3.17581	2217
3.18056	2217
3.18539	2217
3.18639	2217
3.19114	2217
3.19637	2217
3.19737	2217
3.20272	2217
3.20795	2217
3.20895	2217
3.2137	2217
3.21841	2217
3.21941	2217
3.22428	2217
3.22951	2217
3.23051	2217
3.23512	2217
3.24097	2217
3.24097	2217
3.24658	2217
3.25155	2217
3.25155	2217
3.25616	2217
3.26213	2217
3.26213	2217
3.26788	2217
3.27211	2217
3.27311	2217
3.27834	2217
3.28356	2217
3.28456	2217
3.28956	2217
3.29405	2217
3.29505	2217
3.30002	2217
3.30525	2217
3.3065	2217
3.31135	2217
3.31608	2217
3.31708	2217
3.32206	2217
3.32728	2217
3.32828	2217
3.33304	2217
3.33826	2217
3.33926	2217
3.34449	2217
3.34972	2217
3.35072	2217
3.35595	2217
3.36118	2217
3.36118	2217
3.36605	2217
3.37176	2217
3.37276	2217
3.37751	2217
3.38321	2217
3.38321	2217
3.38809	2217
3.39332	2217
3.39432	2217
3.39992	2217
3.40477	2217
3.40577	2217
3.41065	2217
3.41535	2217
3.41635	2217
3.42148	2217
3.42681	2217
3.42781	2217
3.43268	2217
3.43791	2217
3.43891	2217
3.44352	2217
3.44837	2217
3.44937	2217
3.45424	2217
3.45995	2217
3.46095	2217
3.46508	2217
3.47005	2217
3.47005	2217
3.47628	2217
3.48151	2217
3.48151	2217
3.48674	2217
3.49296	2217
3.49296	2217
3.49784	2217
3.50254	2217
3.50354	2217
3.5083	2217
3.514	2217
3.514	2217
3.51975	2217
3.5241	2217
3.5251	2217
3.53033	2217
3.53556	2217
3.53656	2217
3.54179	2217
3.55137	2217
3.55675	2217
3.55675	2217
3.56148	2217
3.56621	2217
3.56718	2217
3.57218	2217
3.57731	2208
3.57831	2208
3.58351	2208
3.58874	2208
3.58974	2208
3.59474	2208
3.59923	2208
3.60023	2208
3.6052	2208
3.61078	2208
3.61178	2208
3.61653	2208
3.62126	2208
3.62226	2208
3.62723	2208
3.63234	2208
3.63334	2208
3.63834	2208
3.64382	2208
3.64479	2208
3.64979	2208
3.6544	2208
3.6554	2208
3.66013	2208
3.66586	2208
3.66683	2208
3.67183	2208
3.67693	2208
3.67793	2208
3.68216	2208
3.68742	2208
3.68839	2208
3.69339	2208
3.699	2208
3.7	2208
3.70472	2208
3.70945	2208
3.71043	2208
3.71543	2208
3.72053	2208
3.72153	2208
3.72676	2208
3.73101	2208
3.73299	2208
3.73799	2208
3.74247	2208
3.74247	2208
3.74832	2208
3.75305	2208
3.75305	2208
3.75902	2208
3.76451	2208
3.76451	2208
3.76935	2208
3.77509	2208
3.77509	2208
3.78006	2208
3.78616	2208
3.78616	2208
3.79116	2208
3.79714	2208
3.79714	2208
3.80287	2208
3.80785	2208
3.80885	2208
3.81333	2208
3.8183	2208
3.81918	2208
3.83786	2208
3.84074	2208
3.84074	2208
3.84744	2208
3.85319	2208
3.85319	2208
3.8599	2208
3.86565	2208
3.86565	2208
3.87	2208
3.87523	2208
3.87623	2208
3.88146	2208
3.88633	2208
3.88733	2208
3.89204	2208
3.89779	2208
3.89879	2208
3.90349	2208
3.90925	2208
3.90925	2208
3.9146	2208
3.91983	2208
3.92083	2208
3.92505	2208
3.93093	2208
3.93166	2208
3.93663	2208
3.94139	2208
3.94239	2208
3.94709	2208
3.95284	2208
3.95322	2208
3.95819	2208
3.96342	2208
3.96442	2208
3.96965	2208
3.97488	2208
3.97588	2208
3.98111	2208
3.98686	2208
3.98686	2208
3.99357	2208
3.99844	2208
3.99844	2208
4.00367	2208
4.0099	2208
4.0099	2208
4.01513	2208
4.02136	2208
4.02136	2208
4.02758	2208
4.03246	2208
4.03246	2208
4.03716	2208
4.04392	2208
4.04392	2208
4.04962	2208
4.0545	2208
4.0545	2208
4.05972	2208
4.06595	2208
4.06595	2208
4.07118	2208
4.08028	2208
4.08028	2208
4.08699	2208
4.09186	2208
4.09186	2208
4.09609	2208
4.10232	2208
4.10232	2208
4.10855	2208
4.11478	2208
4.11478	2208
4.121	2208
4.12688	2208
4.12688	2208
4.13158	2208
4.13772	2208
4.13772	2208
4.14256	2208
4.14879	2208
4.14879	2208
4.15352	2208
4.15837	2208
4.15937	2208
4.1646	2208
4.1696	2208
4.1706	2208
4.17508	2208
4.18093	2208
4.18193	2208
4.18664	2208
4.19164	2208
4.19239	2208
4.19712	2208
4.20209	2208
4.20309	2208
4.2082	2208
4.2132	2208
4.2142	2208
4.21968	2208
4.22465	2208
4.22565	2208
4.23014	2208
4.23511	2208
4.23698	2208
4.24172	2208
4.24669	2208
4.24769	2208
4.25217	2208
4.25714	2208
4.25814	2208
4.26328	2208
4.26872	2208
4.26972	2208
4.27473	2208
4.2797	2208
4.2807	2208
4.28531	2208
4.29028	2208
4.29128	2208
4.29677	2208
4.30174	2208
4.30274	2208
4.30749	2208
4.3122	2208
4.3132	2208
4.31895	2208
4.32365	2208
4.32465	2208
4.32953	2208
4.33476	2208
4.33476	2208
4.34011	2208
4.34521	2208
4.34521	2208
4.35121	2208
4.35679	2208
4.35679	2208
4.36202	2208
4.36725	2208
4.36725	2208
4.37225	2208
4.37873	2208
4.37873	2208
4.3837	2208
4.38981	2208
4.38981	2208
4.39481	2208
4.39929	2208
4.40029	2208
4.40526	2208
4.41049	2208
4.41175	2208
4.4166	2208
4.42133	2208
4.42233	2208
4.4273	2208
4.43205	2208
4.43378	2208
4.43876	2208
4.44389	2208
4.44486	2208
4.44986	2208
4.45409	2208
4.45534	2208
4.46032	2208
4.46592	2208
4.4669	2208
4.4719	2208
4.47638	2208
4.47738	2208
4.48235	2208
4.48711	2208
4.48811	2208
4.49381	2208
4.49894	2208
4.49994	2208
4.50427	2208
4.50914	2208
4.51014	2208
4.51537	2208
4.52098	2208
4.52198	2208
4.52695	2208
4.5317	2208
4.53243	2208
4.53741	2208
4.54263	2208
4.54363	2208
4.54877	2208
4.55374	2208
4.55474	2208
4.55997	2208
4.56419	2208
4.56519	2208
4.5708	2208
4.57577	2208
4.57677	2208
4.58153	2208
4.58623	2208
4.58623	2208
4.59236	2208
4.59733	2208
4.59733	2208
4.60356	2208
4.60879	2208
4.60879	2208
4.61302	2208
4.61925	2208
4.61925	2208
4.62412	2208
4.63083	2208
4.63083	2208
4.63558	2208
4.64031	2208
4.64128	2208
4.64616	2208
4.65139	2208
4.65239	2208
4.65761	2208
4.66284	2208
4.66384	2208
4.66884	2208
4.67345	2208
4.67445	2208
4.67917	2208
4.68488	2596
4.68588	2596
4.68988	2596
4.69498	2596
4.69498	2596
4.69998	2596
4.70359	2596
4.70459	2596
4.70844	2596
4.71231	2596
4.71305	2596
4.71702	2596
4.72215	2596
4.72215	2596
4.72712	2596
4.73112	2596
4.73273	2596
4.7367	2596
4.74045	2596
4.74145	2596
4.74519	2596
4.75003	2596
4.75003	2596
4.75429	2596
4.75926	2596
4.75926	2596
4.76449	2596
4.76872	2596
4.76972	2596
4.77372	2596
4.77795	2596
4.7782	2596
4.78217	2596
4.78717	2596
4.78717	2596
4.79275	2596
4.79651	2596
4.79751	2596
4.80124	2596
4.80521	2596
4.80621	2596
4.81034	2596
4.81531	2596
4.81531	2596
4.82054	2596
4.82477	2596
4.82577	2596
4.82965	2596
4.83338	2596
4.83435	2596
4.83835	2596
4.8431	2596
4.8431	2596
4.84881	2596
4.85256	2596
4.85394	2596
4.85791	2596
4.86191	2596
4.86214	2596
4.86639	2596
4.87137	2596
4.87137	2596
4.87697	2596
4.88082	2596
4.88182	2596
4.8857	2596
4.88943	2596
4.8904	2596
4.89428	2596
4.89951	2596
4.89951	2596
4.90351	2596
4.90611	2596
4.90611	2596
4.91009	2596
4.91309	2596
4.91409	2596
4.91722	2596
4.92122	2596
4.92122	2596
4.9258	2596
4.9288	2596
4.9298	2596
4.93265	2596
4.93652	2596
4.93652	2596
4.94023	2596
4.94323	2596
4.94423	2596
4.94736	2596
4.95268	2596
4.95268	2596
4.95556	2596
4.96179	2596
4.96179	2596
4.96801	2596
4.97137	2596
4.97137	2596
4.97712	2596
4.98047	2596
4.98047	2596
4.9867	2596
4.99293	2596
4.99293	2596
4.9958	2596
5.00251	2596
5.00251	2596
5.00826	2596
5.01161	2596
5.01161	2596
5.01784	2596
5.02407	2596
5.02407	2596
5.02794	2596
5.03365	2596
5.03365	2596
5.0394	2596
5.04275	2596
5.04275	2596
5.04898	2596
5.05521	2596
5.05521	2596
5.05808	2596
5.06479	2596
5.06479	2596
5.07054	2596
5.07389	2596
5.07389	2596
5.08012	2596
5.08347	2596
5.08347	2596
5.08922	2596
5.09257	2596
5.09257	2596
5.0988	2596
5.10215	2596
5.10215	2596
5.10791	2596
5.11461	2596
5.11461	2596
5.11749	2596
5.12371	2596
5.12371	2596
5.12659	2596
5.13329	2596
5.13329	2596
5.13905	2596
5.1454	2596
5.1464	2596
5.15298	2596
5.15785	2596
5.15811	2596
5.16408	2596
5.17066	2596
5.17166	2596
5.17654	2596
5.18264	2596
5.18302	2596
5.18902	2596
5.19522	2596
5.19522	2596
5.20133	2596
5.20706	2596
5.20803	2596
5.21416	2596
5.21913	2596
5.22013	2596
5.22671	2596
5.23247	2596
5.23347	2596
5.2382	2596
5.24305	2596
5.24305	2596
5.24827	2596
5.25227	2596
5.25327	2596
5.25785	2596
5.26185	2596
5.26285	2596
5.26661	2596
5.27131	2596
5.27131	2596
5.27606	2596
5.28041	2596
5.28141	2596
5.28541	2596
5.28999	2596
5.29099	2596
5.29475	2596
5.2991	2596
5.2991	2596
5.3041	2596
5.30868	2596
5.30968	2596
5.31343	2596
5.31716	2596
5.31816	2596
5.32213	2596
5.32727	2596
5.32727	2596
5.33211	2596
5.33685	2596
5.33785	2596
5.34182	2596
5.34595	2596
5.34695	2596
5.35092	2596
5.35553	2596
5.35553	2596
5.36038	2596
5.36463	2596
5.36563	2596
5.36961	2596
5.37321	2596
5.37421	2596
5.37819	2596
5.38332	2596
5.38332	2596
5.38877	2596
5.39252	2596
5.39252	2596
5.39775	2596
5.40162	2596
5.40262	2596
5.40635	2596
5.4102	2596
5.4112	2596
5.41508	2596
5.42078	2596
5.42078	2596
5.42566	2596
5.42989	2596
5.43089	2596
5.43489	2596
5.43811	2596
5.43937	2596
5.44334	2596
5.44895	2596
5.44895	2596
5.45392	2596
5.45767	2596
5.45867	2596
5.46241	2596
5.46625	2596
5.46725	2596
5.47113	2596
5.47683	2596
5.47683	2596
5.48171	2596
5.48594	2596
5.48694	2596
5.49081	2596
5.49452	2596
5.49552	2596
5.49939	2596
5.50462	2596
5.50462	2596
5.5095	2596
5.5132	2596
5.5142	2596
5.51808	2596
5.52231	2596
5.52331	2596
5.52718	2596
5.53289	2596
5.53289	2596
5.53764	2596
5.54199	2596
5.54299	2596
5.54722	2596
5.55157	2596
5.55157	2596
5.55645	2596
5.56067	2596
5.56167	2596
5.5659	2596
5.56925	2596
5.57025	2596
5.57501	2596
5.57936	2596
5.57936	2596
5.58459	2596
5.59081	2596
5.59081	2596
5.59469	2596
5.60039	2596
5.60039	2596
5.60615	2596
5.6105	2596
5.6105	2596
5.61573	2596
5.61908	2596
5.62008	2596
5.62483	2596
5.63153	2596
5.63153	2596
5.63541	2596
5.64064	2596
5.64064	2596
5.64687	2596
5.65022	2596
5.65022	2596
5.65597	2596
5.66267	2596
5.66267	2596
5.66655	2596
5.67178	2596
5.67178	2596
5.67801	2596
5.68236	2596
5.68236	2596
5.68711	2596
5.69146	2596
5.69246	2596
5.69669	2596
5.70004	2596
5.70104	2596
5.70579	2596
5.71015	2596
5.71015	2596
5.71537	2596
5.71973	2596
5.72073	2596
5.72448	2596
5.72883	2596
5.72983	2596
5.73406	2596
5.74029	2596
5.74029	2596
5.74416	2596
5.74987	2596
5.74987	2596
5.75412	2596
5.75809	2596
5.75909	2596
5.76323	2596
5.76855	2596
5.76855	2596
5.77243	2596
5.77765	2596
5.77765	2596
5.78253	2596
5.78723	2596
5.78723	2596
5.79111	2596
5.79634	2596
5.79634	2596
5.80121	2596
5.80592	2596
5.80692	2596
5.81167	2596
5.81502	2596
5.81502	2596
5.82125	2596
5.8256	2596
5.8256	2596
5.83035	2596
5.83706	2596
5.83706	2596
5.84193	2596
5.84616	2596
5.84616	2596
5.85239	2596
5.85674	2596
5.85674	2596
5.86149	2596
5.8682	2596
5.8682	2596
5.87207	2596
5.8773	2596
5.8773	2596
5.88353	2596
5.88788	2596
5.88788	2596
5.89263	2596
5.89699	2596
5.89799	2596
5.90221	2596
5.90657	2596
5.90657	2596
5.91132	2596
5.91567	2596
5.91667	2596
5.9209	2596
5.92713	2596
5.92713	2596
5.931	2596
5.93671	2596
5.93671	2596
5.94158	2596
5.94581	2596
5.94681	2596
5.95069	2596
5.95539	2596
5.95539	2596
5.95927	2596
5.96449	2596
5.96449	2596
5.96937	2596
5.97407	2596
5.97407	2596
5.97895	2596
5.98318	2596
5.98318	2596
5.98941	2596
5.99376	2596
5.99376	2596
5.99851	2596
6.00286	2596
6.00386	2596
6.00809	2596
6.01244	2596
6.01244	2596
6.01719	2596
6.02155	2596
6.02255	2596
6.02677	2596
6.03013	2596
6.03113	2596
6.03588	2596
6.04258	2596
6.04258	2596
6.04646	2596
6.05169	2596
6.05169	2596
6.05791	2596
6.06127	2596
6.06127	2596
6.06702	2596
6.07372	2596
6.07372	2596
6.0776	2596
6.08283	2596
6.08283	2596
6.08905	2596
6.09341	2596
6.09341	2596
6.09816	2596
6.10251	2596
6.10351	2596
6.10774	2596
6.11109	2596
6.11209	2596
6.11684	2596
6.12119	2596
6.12119	2596
6.12642	2596
6.13265	2596
6.13265	2596
6.13653	2596
6.14223	2596
6.14223	2596
6.14611	2596
6.15133	2596
6.15133	2596
6.15621	2596
6.16091	2596
6.16191	2596
6.16579	2596
6.17002	2596
6.17002	2596
6.17625	2596
6.1806	2596
6.1806	2596
6.18535	2596
6.19205	2596
6.19205	2596
6.19631	2596
6.20128	2596
6.20128	2596
6.20641	2596
6.21039	2596
6.21139	2596
6.21599	2596
6.21997	2596
6.22097	2596
6.2241	2596
6.22907	2596
6.22907	2596
6.2343	2596
6.23853	2596
6.23953	2596
6.2434	2596
6.24811	2596
6.24811	2596
6.25298	2596
6.25721	2596
6.25721	2596
6.26344	2596
6.26779	2596
6.26779	2596
6.27254	2596
6.27689	2596
6.27789	2596
6.28163	2596
6.2856	2596
6.2866	2596
6.29035	2596
6.29558	2596
6.29558	2596
6.30031	2596
6.30428	2596
6.30528	2596
6.30991	2596
6.31326	2596
6.31426	2596
6.31861	2596
6.32384	2596
6.32384	2596
6.32859	2596
6.33242	2596
6.33342	2596
6.33817	2596
6.3444	2596
6.3444	2596
6.34813	2596
6.35311	2596
6.35311	2596
6.35886	2596
6.36309	2596
6.36309	2596
6.36796	2596
6.37267	2596
6.37267	2596
6.37842	2596
6.38277	2596
6.38277	2596
6.38712	2596
6.39423	2596
6.39423	2596
6.39848	2596
6.40381	2596
6.40381	2596
6.40806	2596
6.41203	2596
6.41303	2596
6.41764	2596
6.42161	2596
6.42249	2596
6.42649	2596
6.43159	2596
6.43159	2596
6.43633	2596
6.4403	2596
6.4413	2596
6.44505	2596
6.45028	2596
6.45028	2596
6.45463	2596
6.45986	2596
6.45986	2596
6.46561	2596
6.46996	2596
6.46996	2596
6.47469	2596
6.47854	2596
6.47954	2596
6.48342	2596
6.48765	2596
6.48865	2596
6.493	2596
6.49723	2596
6.49723	2596
6.5021	2596
6.50633	2596
6.50733	2596
6.51168	2596
6.51591	2596
6.51691	2596
6.52166	2596
6.52549	2596
6.52549	2596
6.53124	2596
6.53747	2596
6.53747	2596
6.5412	2596
6.54617	2596
6.54617	2596
6.55131	2596
6.55615	2596
6.55615	2596
6.56089	2596
6.56586	2596
6.56586	2596
6.57061	2596
6.57484	2596
6.57584	2596
6.57919	2596
6.58442	2596
6.58442	2596
6.59017	2596
6.595	2596
6.595	2596
6.59975	2596
6.6031	2596
6.6041	2596
6.60885	2596
6.61221	2596
6.61321	2596
6.61843	2596
6.62279	2596
6.62279	2596
6.62754	2596
6.63424	2596
6.63424	2596
6.63812	2596
6.64335	2596
6.64335	2596
6.6487	2596
6.65293	2596
6.65393	2596
6.65868	2596
6.66203	2596
6.66203	2596
6.66738	2596
6.67161	2596
6.67261	2596
6.67736	2596
6.68171	2596
6.68171	2596
6.68607	2596
6.69029	2596
6.69129	2596
6.69605	2596
6.7004	2596
6.7004	2596
6.70575	2596
6.70998	2596
6.71098	2596
6.71473	2596
6.71856	2596
6.71956	2596
6.72431	2596
6.73054	2596
6.73054	2596
6.73427	2596
6.73924	2596
6.73924	2596
6.74437	2596
6.74922	2596
6.74922	2596
6.75395	2596
6.75893	2596
6.75893	2596
6.76306	2596
6.76703	2596
6.76803	2596
6.77278	2596
6.77749	2596
6.77749	2596
6.78324	2596
6.78759	2596
6.78759	2596
6.79282	2596
6.79617	2596
6.79717	2596
6.80192	2596
6.80527	2596
6.80627	2596
6.81063	2596
6.81585	2596
6.81585	2596
6.82061	2596
6.82496	2596
6.82596	2596
6.83019	2596
6.83641	2596
6.83641	2596
6.84015	2596
6.84599	2596
6.84599	2596
6.85087	2596
6.8551	2596
6.8551	2596
6.85945	2596
6.86468	2596
6.86468	2596
6.86955	2596
6.87378	2596
6.87478	2596
6.87813	2596
6.88336	2596
6.88336	2596
6.88911	2596
6.89394	2596
6.89394	2596
6.89882	2596
6.90205	2596
6.90305	2596
6.9078	2596
6.91163	2596
6.91263	2596
6.91738	2596
6.92361	2596
6.92361	2596
6.92734	2596
6.93231	2596
6.93231	2596
6.93706	2596
6.94229	2596
6.94229	2596
6.94602	2596
6.95199	2596
6.95199	2596
6.95613	2596
6.96097	2596
6.96197	2596
6.96571	2596
6.96968	2596
6.97068	2596
6.97443	2596
6.97966	2596
6.97966	2596
6.98401	2596
6.98924	2596
6.98924	2596
6.99499	2596
6.99834	2596
6.99834	2596
7.00369	2596
7.00792	2596
7.00892	2596
7.01367	2596
7.01703	2596
7.01703	2596
7.02238	2596
7.02661	2596
7.02761	2596
7.03236	2596
7.03619	2596
7.03619	2596
7.04194	2596
7.04817	2596
7.04817	2596
7.05204	2596
7.05775	2596
7.05775	2596
7.06262	2596
7.06685	2596
7.06785	2596
7.07173	2596
7.07643	2596
7.07643	2596
7.08031	2596
7.08553	2596
7.08553	2596
7.09176	2596
7.09511	2596
7.09511	2596
7.10087	2596
7.10422	2596
7.10522	2596
7.11045	2596
7.1148	2596
7.1148	2596
7.11955	2596
7.12338	2596
7.12438	2596
7.12913	2596
7.13536	2596
7.13536	2596
7.13961	2596
7.14446	2596
7.14446	2596
7.14981	2596
7.15307	2596
7.15404	2596
7.1583	2596
7.16227	2596
7.16315	2596
7.16797	2596
7.17273	2596
7.17273	2596
7.17708	2596
7.18108	2596
7.18269	2596
7.18666	2596
7.19066	2596
7.19141	2596
7.19576	2596
7.20051	2596
7.20051	2596
7.20534	2596
7.20934	2596
7.21009	2596
7.21445	2596
7.21845	2596
7.2192	2596
7.22303	2596
7.22803	2596
7.22803	2596
7.23303	2596
7.23701	2596
7.23801	2596
7.24261	2596
7.24659	2596
7.24746	2596
7.25172	2596
7.25669	2596
7.25669	2596
7.2613	2596
7.26527	2596
7.26615	2596
7.2704	2596
7.27437	2596
7.27537	2596
7.27998	2596
7.28495	2596
7.28495	2596
7.28956	2596
7.29356	2596
7.29356	2596
7.29867	2596
7.30264	2596
7.30364	2596
7.30725	2596
7.31122	2596
7.31222	2596
7.31697	2596
7.32123	2596
7.32123	2596
7.32645	2596
7.33043	2596
7.3313	2596
7.33565	2596
7.33991	2596
7.34091	2596
7.34423	2596
7.34949	2596
7.34949	2596
7.35446	2596
7.35807	2596
7.35907	2596
7.36304	2596
7.36717	2596
7.36817	2596
7.37215	2596
7.37728	2596
7.37728	2596
7.38225	2596
7.38686	2596
7.38783	2596
7.39183	2596
7.39596	2596
7.39696	2596
7.40041	2596
7.40554	2596
7.40554	2596
7.41051	2596
7.41412	2596
7.41512	2596
7.41909	2596
7.42323	2596
7.42423	2596
7.4282	2596
7.43381	2596
7.43381	2596
7.43878	2596
7.44291	2596
7.44388	2596
7.44788	2596
7.45163	2596
7.45263	2596
7.45634	2596
7.46021	2596
7.46121	2596
7.46544	2596
7.47044	2596
7.47044	2596
7.47502	2596
7.4799	2596
7.4809	2596
7.48413	2596
7.48848	2607
7.48948	2607
7.49371	2607
7.49871	2607
7.49871	2607
7.50381	2607
7.50707	2607
7.50807	2607
7.51204	2607
7.51674	2607
7.51774	2607
7.52149	2607
7.52685	2607
7.52685	2607
7.5306	2607
7.53543	2618
7.53543	2618
7.54018	2618
7.54453	2618
7.54553	2618
7.54928	2618
7.55311	2618
7.55411	2618
7.55811	2618
7.56321	2640
7.56321	2640
7.56721	2640
7.57279	2640
7.57279	2640
7.57755	2640
7.5819	2640
7.5819	2640
7.58665	2640
7.59048	2640
7.59148	2640
7.59548	2640
7.59958	2640
7.60058	2640
7.60458	2640
7.60819	2640
7.60916	2640
7.61316	2640
7.61729	2640
7.61827	2640
7.62227	2640
7.62702	2640
7.62702	2640
7.63272	2640
7.6366	2640
7.6366	2640
7.64183	2640
7.6457	2640
7.64643	2640
7.65041	2640
7.65428	2640
7.65528	2640
7.65951	2640
7.66386	2640
7.66486	2640
7.66809	2640
7.67297	2640
7.67397	2640
7.67719	2640
7.68293	2640
7.68293	2640
7.68777	2640
7.69103	2640
7.69103	2640
7.69688	2640
7.70013	2640
7.70113	2640
7.70598	2640
7.70971	2640
7.71071	2640
7.71456	2640
7.71882	2640
7.71982	2640
7.72367	2640
7.7274	2640
7.7284	2640
7.73237	2640
7.7375	2640
7.7375	2640
7.74147	2640
7.74608	2640
7.74608	2640
7.75105	2640
7.75519	2640
7.75619	2640
7.76016	2640
7.76489	2640
7.76589	2640
7.76974	2640
7.77361	2640
7.77487	2640
7.77884	2640
7.78272	2640
7.78345	2640
7.78642	2640
7.7903	2640
7.7903	2640
7.79455	2640
7.79753	2640
7.7984	2640
7.8014	2640
7.80511	2640
7.80511	2640
7.80898	2640
7.81224	2640
7.81224	2640
7.81621	2640
7.81956	2640
7.82056	2640
7.82379	2640
7.82767	2640
7.82767	2640
7.83092	2640
7.83489	2640
7.83489	2640
7.83825	2640
7.8415	2640
7.84247	2640
7.84535	2640
7.84835	2640
7.84961	2640
7.85258	2640
7.85631	2640
7.85631	2640
7.86028	2665
7.86328	2665
7.86403	2665
7.86739	2665
7.87039	2665
7.87139	2665
7.87452	2665
7.87849	2665
7.87849	2665
7.88284	2665
7.88607	2665
7.88607	2665
7.88995	2665
7.89517	2665
7.89517	2665
7.9014	2665
7.90475	2665
7.90475	2665
7.91051	2665
7.91386	2665
7.91386	2665
7.92009	2665
7.92344	2665
7.92344	2665
7.92731	2665
7.93254	2665
7.93254	2665
7.93589	2665
7.94212	2665
7.94212	2665
7.946	2665
7.95123	2665
7.95123	2665
7.95458	2665
7.96081	2665
7.96081	2665
7.96368	2665
7.96991	2665
7.96991	2665
7.97326	2665
7.97949	2665
7.97949	2665
7.98237	2665
7.98859	2665
7.98859	2665
7.99195	2665
7.99817	2665
7.99817	2665
8.00405	2665
8.01015	2665
8.01015	2665
8.01698	2665
8.02211	2665
8.02309	2665
8.02809	2665
8.03419	2678
8.03519	2678
8.04089	2685
8.04603	2685
8.04703	2685
8.053	2685
8.0581	2692
8.0591	2692
8.06481	2736
8.07094	2736
8.07194	2736
8.07691	2750
8.08104	2750
8.08201	2750
8.08801	2750
8.09359	2750
8.09447	2750
8.09973	2750
8.10505	2750
8.10605	2750
8.11028	2750
8.11453	2750
8.11453	2750
8.11851	2750
8.12364	2750
8.12364	2750
8.12761	2750
8.13161	2750
8.13222	2750
8.13619	2750
8.14019	2750
8.1418	2750
8.14577	2750
8.14977	2750
8.15052	2750
8.15487	2750
8.15887	2750
8.15887	2750
8.16248	2750
8.16733	2750
8.16733	2750
8.17159	2750
8.17556	2750
8.17656	2750
8.18069	2750
8.18466	2750
8.18501	2750
8.18927	2750
8.19324	2750
8.19324	2750
8.19837	2750
8.20235	2750
8.20235	2750
8.2067	2750
8.21093	2750
8.21193	2750
8.2158	2750
8.21903	2750
8.22003	2750
8.22476	2757
8.22873	2770
8.22973	2770
8.23387	2770
8.23784	2770
8.23784	2770
8.24145	2770
8.24642	2770
8.24642	2770
8.25017	2770
8.25452	2770
8.25552	2770
8.25927	2770
8.26301	2770
8.26401	2770
8.26885	2770
8.27211	2770
8.27211	2770
8.27608	2770
8.28043	2770
8.28143	2770
8.28566	2770
8.28954	2770
8.29054	2770
8.29477	2770
8.29812	2770
8.29812	2770
8.30335	2770
8.30735	2770
8.30735	2770
8.31195	2770
8.31593	2770
8.31693	2770
8.32006	2770
8.32403	2770
8.32503	2770
8.32964	2770
8.33361	2770
8.33361	2770
8.33749	2770
8.34271	2770
8.34271	2770
8.34647	2770
8.35082	2770
8.35182	2770
8.35517	2770
8.3594	2770
8.3604	2770
8.36427	2770
8.3685	2770
8.3685	2770
8.37238	2770
8.37611	2770
8.37711	2770
8.38134	2770
8.38534	2770
8.38634	2770
8.39006	2770
8.39489	2770
8.39589	2770
8.39964	2770
8.40399	2770
8.40399	2770
8.40799	2770
8.41113	2770
8.4121	2770
8.41645	2770
8.42071	2770
8.42168	2770
8.42555	2770
8.42981	2770
8.42981	2770
8.43478	2770
8.43839	2770
8.43839	2770
8.44236	2770
8.44611	2770
8.44797	2770
8.45194	2770
8.45569	2770
8.45607	2770
8.46005	2770
8.46492	2770
8.46492	2770
8.46815	2770
8.4725	2770
8.4735	2770
8.47773	2770
8.48173	2770
8.48273	2770
8.48683	2770
8.49083	2770
8.49183	2770
8.49544	2770
8.49941	2770
8.49941	2770
8.50355	2770
8.50752	2770
8.50839	2770
8.51213	2770
8.5161	2770
8.5171	2770
8.52123	2770
8.5252	2770
8.5252	2770
8.53046	2770
8.53478	2770
8.53478	2770
8.53804	2770
8.54201	2770
8.54301	2770
8.54714	2770
8.55111	2770
8.55211	2770
8.55672	2770
8.56069	2770
8.56069	2770
8.56445	2770
8.5698	2770
8.5698	2770
8.57367	2770
8.57738	2770
8.57838	2770
8.58225	2770
8.58648	2770
8.58748	2770
8.59174	2770
8.59571	2770
8.59571	2770
8.59932	2770
8.60329	2770
8.60429	2770
8.60804	2770
8.61475	2770
8.61475	2770
8.61862	2770
8.62385	2770
8.62385	2770
8.62711	2770
8.63108	2770
8.63208	2770
8.63631	2770
8.64066	2770
8.64166	2770
8.64541	2770
8.64976	2770
8.64976	2770
8.65499	2770
8.65834	2770
8.65834	2770
8.66409	2770
8.66845	2770
8.66845	2770
8.67367	2770
8.67703	2770
8.67703	2770
8.68278	2770
8.68613	2770
8.68613	2770
8.69001	2770
8.69571	2770
8.69571	2770
8.69959	2770
8.70481	2770
8.70481	2770
8.70807	2770
8.71439	2770
8.71439	2770
8.71865	2770
8.72262	2770
8.72362	2770
8.72775	2770
8.73173	2770
8.7326	2770
8.73633	2770
8.74031	2770
8.74031	2770
8.74418	2770
8.74841	2770
8.74941	2770
8.75329	2770
8.75799	2770
8.75899	2770
8.76225	2770
8.76622	2770
8.76622	2770
8.77135	2770
8.77532	2770
8.77532	2770
8.77955	2770
8.7839	2770
8.7849	2770
8.78878	2770
8.79201	2770
8.79301	2770
8.79823	2770
8.80259	2770
8.80259	2770
8.80734	2770
8.81169	2770
8.81169	2770
8.81557	2770
8.82027	2770
8.82027	2770
8.82415	2770
8.82937	2770
8.82937	2770
8.83325	2770
8.83895	2770
8.83895	2770
8.84283	2770
8.84806	2770
8.84806	2770
8.85279	2770
8.85764	2770
8.85764	2770
8.86189	2770
8.86674	2770
8.86674	2770
8.871	2770
8.87497	2770
8.87597	2770
8.8792	2770
8.88355	2770
8.88455	2770
8.8883	2770
8.89265	2770
8.89265	2770
8.89788	2770
8.90123	2770
8.90123	2770
8.90511	2770
8.91034	2770
8.91034	2770
8.91459	2770
8.91857	2770
8.91944	2770
8.92379	2770
8.92705	2770
8.92805	2770
8.93202	2770
8.93673	2770
8.93673	2770
8.94073	2770
8.94483	2770
8.94583	2770
8.94983	2770
8.95393	2770
8.95493	2770
8.95867	2770
8.96267	2770
8.96267	2770
8.96739	2770
8.97165	2770
8.97165	2770
8.97549	2770
8.97923	2770
8.98023	2770
8.9842	2770
8.98807	2770
8.98933	2770
8.9933	2770
8.99703	2770
8.99703	2770
9.00101	2770
9.00614	2770
9.00614	2770
9.01011	2770
9.01424	2770
9.01524	2770
9.01969	2770
9.02382	2770
9.02482	2770
9.02879	2770
9.03293	2770
9.03293	2770
9.0369	2770
9.0409	2770
9.04113	2770
9.04548	2770
9.04935	2770
9.05035	2770
9.05458	2770
9.05893	2770
9.05993	2770
9.06316	2770
9.06704	2770
9.06704	2770
9.07129	2770
9.07527	2770
9.077	2770
9.08097	2770
9.08472	2770
9.0851	2770
9.08907	2770
9.09333	2770
9.09333	2770
9.09718	2770
9.10243	2770
9.10243	2770
9.10628	2770
9.11011	2770
9.11111	2770
9.11599	2770
9.11921	2770
9.12021	2770
9.12409	2770
9.12832	2770
9.12832	2770
9.13205	2770
9.13602	2770
9.13702	2770
9.14115	2770
9.14513	2770
9.14613	2770
9.15026	2770
9.15471	2770
9.15571	2770
9.15946	2770
9.16381	2770
9.16381	2770
9.16781	2770
9.17191	2770
9.17291	2770
9.17627	2770
9.18052	2770
9.18149	2770
9.18537	2770
9.18963	2770
9.18963	2770
9.19433	2770
9.19833	2770
9.19833	2770
9.20218	2770
9.20605	2770
9.20731	2770
9.21128	2770
9.21501	2770
9.21699	2770
9.22086	2770
9.22412	2770
9.22412	2770
9.22809	2778
9.23222	2778
9.23322	2778
9.23719	2778
9.2418	2778
9.2428	2778
9.24677	2791
9.25091	2791
9.25091	2791
9.25588	2791
9.25958	2791
9.25958	2791
9.26384	2791
9.26781	2791
9.26881	2791
9.27294	2791
9.27691	2791
9.27691	2791
9.28105	2818
9.28549	2818
9.28549	2818
9.28975	2818
9.2936	2818
9.2946	2818
9.29847	2818
9.3027	2818
9.3027	2818
9.30643	2818
9.31041	2818
9.31141	2818
9.31528	2818
9.31951	2818
9.31951	2818
9.32351	2818
9.32761	2818
9.32861	2818
9.33297	2818
9.33622	2818
9.33719	2818
9.34107	2818
9.34533	2818
9.34533	2818
9.3493	2818
9.353	2818
9.354	2818
9.358	2818
9.36211	2818
9.36211	2818
9.36611	2818
9.37071	2818
9.37169	2818
9.37569	2818
9.37982	2818
9.37982	2818
9.38379	2818
9.38792	2818
9.38892	2818
9.39289	2818
9.39625	2818
9.3975	2818
9.40147	2818
9.40535	2818
9.40535	2818
9.40958	2818
9.41331	2818
9.41431	2818
9.41816	2818
9.42203	2818
9.42203	2818
9.42629	2818
9.43014	2818
9.43152	2818
9.43549	2818
9.43922	2818
9.44019	2818
9.44407	2818
9.44833	2818
9.44833	2818
9.4523	2818
9.45643	2818
9.45743	2818
9.4614	2818
9.46501	2818
9.46501	2818
9.46998	2818
9.47324	2818
9.47424	2818
9.47809	2818
9.48282	2818
9.48282	2818
9.48667	2818
9.49092	2818
9.49192	2818
9.49577	2818
9.49903	2818
9.50003	2818
9.505	2818
9.5087	2818
9.5087	2818
9.5127	2818
9.51683	2818
9.51783	2818
9.52168	2818
9.52541	2818
9.52541	2818
9.52939	2818
9.53326	2818
9.53452	2818
9.53849	2818
9.54224	2818
9.54362	2818
9.54759	2818
9.55195	2818
9.55195	2818
9.55517	2818
9.55905	2818
9.56005	2818
9.56428	2818
9.56801	2818
9.56801	2818
9.57298	2818
9.57673	2818
9.57711	2818
9.58109	2818
9.58509	2818
9.58509	2818
9.58919	2818
9.59354	2818
9.59454	2818
9.59877	2818
9.60203	2818
9.60303	2818
9.60703	2818
9.61113	2818
9.61113	2818
9.6151	2818
9.61945	2818
9.62045	2818
9.62468	2818
9.62856	2818
9.62856	2818
9.63279	2818
9.63652	2858
9.63752	2858
9.64149	2858
9.64524	2858
9.64524	2858
9.64959	2858
9.65359	2858
9.65435	2858
9.6587	2858
9.66243	2858
9.66243	2858
9.6664	2858
9.67015	2858
9.67153	2858
9.67551	2858
9.67926	2858
9.67926	2858
9.68361	2858
9.68761	2858
9.68861	2858
9.69219	2858
9.69619	2858
9.69619	2858
9.70032	2858
9.70429	2858
9.70503	2858
9.70903	2858
9.71375	2858
9.71375	2858
9.71701	2858
9.72198	2858
9.72285	2858
9.72668	2858
9.72968	2858
9.73068	2858
9.73481	2858
9.73879	2858
9.73879	2858
9.74292	2858
9.74689	2858
9.74789	2858
9.75162	2858
9.75547	2858
9.75547	2858
9.75935	2858
9.76357	2858
9.76457	2858
9.76831	2858
9.77228	2858
9.77228	2858
9.77615	2858
9.78038	2858
9.78138	2858
9.78526	2858
9.78949	2858
9.78949	2858
9.79322	2858
9.79719	2858
9.79807	2858
9.80232	2858
9.80629	2858
9.80629	2858
9.81005	2858
9.8144	2858
9.8154	2858
9.81913	2858
9.8231	2858
9.8231	2858
9.82785	2858
9.83208	2858
9.83208	2858
9.83681	2858
9.84079	2858
9.84166	2858
9.84466	2858
9.84889	2858
9.84989	2858
9.85377	2858
9.85799	2858
9.85799	2858
9.86173	2858
9.8657	2858
9.8667	2858
9.87083	2858
9.8748	2858
9.8748	2858
9.87855	2858
9.88291	2858
9.88391	2858
9.88726	2858
9.89149	2858
9.89149	2858
9.89536	2858
9.90059	2858
9.90059	2858
9.90432	2858
9.90829	2858
9.90929	2858
9.91305	2858
9.9164	2858
9.9174	2858
9.92215	2858
9.9255	2858
9.9265	2858
9.93085	2858
9.93508	2858
9.93508	2858
9.93996	2858
9.94419	2858
9.94419	2858
9.94892	2858
9.95289	2858
9.95377	2858
9.95677	2858
9.96099	2858
9.96199	2858
9.96587	2858
9.9691	2858
9.9691	2858
9.97383	2858
9.9778	2858
9.9788	2858
9.98293	2858
9.98691	2858
9.98691	2858
9.99066	2858
9.99401	2858
9.99501	2858
9.99936	2858
10.0036	2858
10.0036	2858
10.0075	2858
10.0127	2858
10.0127	2858
10.0164	2858
10.0204	2858
10.0214	2858
10.0243	2858
10.0285	2858
10.0295	2858
10.0334	2858
10.0376	2858
10.0376	2858
10.0413	2858
10.0453	2858
10.0463	2858
10.0501	2858
10.0544	2858
10.0544	2858
10.0592	2858
10.063	2858
10.064	2858
10.0679	2858
10.0721	2858
10.0721	2858
10.077	2858
10.0812	2858
10.0812	2858
10.0859	2858
10.0899	2858
10.0908	2858
10.0938	2858
10.097	2858
10.098	2858
10.102	2858
10.1061	2858
10.1061	2858
10.1108	2858
10.1148	2858
10.1158	2858
10.1196	2858
10.1238	2858
10.1238	2858
10.1277	2858
10.1311	2858
10.1325	2858
10.1368	2858
10.1406	2858
10.1406	2858
10.1445	2858
10.1487	2858
10.1497	2858
10.1531	2858
10.1574	2858
10.1574	2858
10.1614	2858
10.1655	2858
10.1665	2858
10.1705	2858
10.1741	2858
10.1741	2858
10.1784	2858
10.1823	2858
10.1833	2858
10.1871	2858
10.1913	2858
10.1913	2858
10.1953	2858
10.199	2858
10.2	2858
10.2033	2858
10.2073	2858
10.2083	2858
10.213	2858
10.2162	2858
10.2162	2858
10.2202	2858
10.2249	2858
10.2259	2858
10.2299	2858
10.2331	2858
10.2331	2858
10.2379	2858
10.2412	2858
10.2422	2858
10.246	2858
10.2504	2858
10.2504	2858
10.2544	2858
10.2589	2858
10.2599	2858
10.2639	2858
10.2671	2858
10.2671	2858
10.2719	2858
10.2757	2858
10.2767	2858
10.2805	2858
10.2849	2858
10.2849	2858
10.2888	2858
10.293	2858
10.294	2858
10.2972	2858
10.3012	2858
10.3012	2858
10.3044	2858
10.3079	2858
10.3089	2858
10.3116	2858
10.314	2858
10.316	2858
10.319	2858
10.3211	2858
10.3211	2858
10.3241	2858
10.3284	2858
10.3284	2858
10.3317	2858
10.3347	2865
10.3357	2865
10.3386	2865
10.3418	2865
10.3428	2865
10.3457	2865
10.348	2865
10.348	2865
10.351	2865
10.3554	2865
10.3554	2865
10.3586	2865
10.3615	2865
10.3625	2865
10.3657	2865
10.3687	2865
10.3697	2865
10.3729	2865
10.3754	2865
10.3754	2865
10.3801	2865
10.3835	2878
10.3835	2878
10.3893	2878
10.3926	2878
10.3926	2878
10.3955	2878
10.4022	2878
10.4022	2878
10.4051	2878
10.4113	2878
10.4113	2878
10.4142	2878
10.4175	2878
10.4185	2878
10.4219	2878
10.4271	2892
10.4271	2892
10.431	2892
10.4332	2892
10.4362	2892
10.4391	2892
10.4424	2892
10.4424	2892
10.4487	2892
10.451	2892
10.452	2892
10.4559	2892
10.4581	2892
10.4611	2892
10.4644	2892
10.4673	2892
10.4673	2892
10.4702	2892
10.4736	2892
10.4746	2892
10.4798	2892
10.4822	2892
10.4831	2892
10.4889	2892
10.4913	2892
10.4923	2892
10.4951	2892
10.4989	2892
10.5018	2892
10.5047	2899
10.5077	2899
10.508	2899
10.5129	2899
10.5182	2899
10.5182	2899
10.5234	2907
10.5296	2907
10.5296	2907
10.5358	2919
10.5401	2919
10.5401	2919
10.5463	2931
10.5513	2931
10.5513	2931
10.5579	2931
10.5628	2931
10.5638	2931
10.569	2931
10.5732	2931
10.5742	2931
10.5791	2936
10.5848	2936
10.5848	2936
10.5909	2948
10.5952	2948
10.5952	2948
10.601	2955
10.6064	2955
10.6064	2955
10.612	2955
10.7007	2996
10.7007	2996
10.704	2996
10.7102	2996
10.7102	2996
10.7146	2996
10.7185	2996
10.7185	2996
10.7227	2996
10.7269	2996
10.7269	2996
10.7309	3006
10.7349	3006
10.7351	3006
10.7385	3006
10.7424	3006
10.7434	3006
10.7476	3006
10.7505	3006
10.7513	3006
10.7553	3006
10.7601	3006
10.7601	3006
10.7663	3006
10.7692	3006
10.7725	3006
10.7787	3006
10.7821	3006
10.7821	3006
10.7878	3006
10.7912	3006
10.7912	3006
10.7974	3006
10.8008	3006
10.8018	3006
10.8065	3006
10.8128	3006
10.8128	3006
10.8722	3006
10.8755	3006
10.8765	3006
10.8817	3006
10.8846	3006
10.8856	3006
10.8908	3006
10.8937	3006
10.8947	3006
10.9004	3006
10.9033	3006
10.9043	3006
10.9086	3006
10.9115	3006
10.9125	3006
10.9161	3006
10.9191	3006
10.9201	3006
10.9241	3006
10.9272	3006
10.9282	3006
10.9326	3006
10.9358	3006
10.9368	3006
10.9407	3006
10.9437	3006
10.9449	3006
10.9489	3006
10.9529	3006
10.9529	3006
10.9569	3006
10.9609	3006
10.9609	3006
10.9649	3006
10.9689	3006
10.9689	3006
10.9729	3006
10.9761	3006
10.9761	3006
10.9807	3006
10.9847	3006
10.9847	3006
10.9883	3006
10.9923	3006
10.9923	3006
10.9964	3006
11.0004	3006
11.0004	3006
11.0044	3006
11.009	3006
11.009	3006
11.013	3006
11.0161	3006
11.0161	3006
11.021	3006
11.0247	3006
11.0247	3006
11.0287	3006
11.0329	3006
11.0339	3006
11.0368	3006
11.04	3006
11.041	3006
11.0445	3006
11.0482	3006
11.0496	3006
11.0526	3006
11.0566	3006
11.0573	3006
11.0607	3006
11.064	3006
11.065	3006
11.0683	3006
11.0723	3006
11.0731	3006
11.0761	3006
11.0804	3006
11.0814	3006
11.0856	3006
11.0886	3006
11.0896	3006
11.0938	3006
11.0961	3006
11.0971	3006
11.1018	3006
11.1048	3006
11.1058	3006
11.1096	3006
11.1125	3006
11.1135	3006
11.1177	3006
11.1206	3006
11.1216	3006
11.1253	3006
11.1292	3006
11.1292	3006
11.1334	3006
11.1374	3006
11.1374	3006
11.1413	3006
11.146	3006
11.146	3006
11.1499	3006
11.1531	3006
11.1531	3006
11.1571	3006
11.1617	3006
11.1617	3006
11.1657	3006
11.1694	3006
11.1694	3006
11.1738	3006
11.1778	3006
11.1778	3006
11.1814	3006
11.1854	3006
11.1854	3006
11.1895	3006
11.1935	3006
11.1935	3006
11.1975	3006
11.201	3006
11.201	3006
11.205	3006
11.2092	3006
11.2102	3006
11.2136	3006
11.2178	3006
11.2188	3006
11.2218	3006
11.2255	3006
11.2265	3006
11.2292	3006
11.2332	3006
11.2342	3006
11.2371	3006
11.2413	3006
11.2423	3006
11.2456	3006
11.2499	3006
11.2509	3006
11.2539	3006
11.257	3006
11.258	3006
11.263	3006
11.266	3006
11.2662	3006
11.2706	3006
11.2736	3006
11.2746	3006
11.2787	3006
11.2817	3006
11.2827	3006
11.2869	3006
11.2891	3006
11.2901	3006
11.2949	3006
11.2978	3006
11.2988	3006
11.3028	3006
11.3056	3006
11.3066	3006
11.3108	3006
11.3147	3006
11.3147	3006
11.3184	3006
11.3224	3006
11.3224	3006
11.3265	3006
11.3305	3006
11.3305	3006
11.3348	3006
11.3381	3006
11.3381	3006
11.3421	3006
11.3462	3006
11.3462	3006
11.3502	3006
11.3548	3006
11.3548	3006
11.3588	3006
11.3625	3006
11.3625	3006
11.3662	3006
11.3702	3006
11.3702	3006
11.3741	3006
11.3783	3006
11.3783	3006
11.3827	3006
11.3869	3006
11.3869	3006
11.3909	3006
11.394	3006
11.395	3006
11.399	3006
11.403	3006
11.4032	3006
11.4066	3006
11.4104	3006
11.4114	3006
11.4143	3006
11.4181	3006
11.419	3006
11.4229	3006
11.4262	3006
11.4272	3006
11.4301	3006
11.4345	3006
11.4357	3006
11.4397	3006
11.4427	3006
11.4435	3006
11.4478	3006
11.4508	3006
11.4518	3006
11.4554	3006
11.4584	3006
11.4594	3006
11.4635	3006
11.467	3006
11.468	3006
11.4717	3006
11.4747	3006
11.476	3006
11.48	3006
11.4828	3006
11.4838	3006
11.4875	3006
11.4915	3006
11.4915	3006
11.4957	3006
11.4996	3006
11.4996	3006
11.5033	3006
11.5072	3006
11.5072	3006
11.5112	3006
11.5158	3006
11.5158	3006
11.5198	3006
11.5236	3006
11.5236	3006
11.5278	3006
11.5317	3006
11.5317	3006
11.5354	3006
11.5394	3006
11.5394	3006
11.5432	3006
11.5475	3006
11.5475	3006
11.5515	3006
11.5551	3006
11.5551	3006
11.559	3006
11.5637	3006
11.5637	3006
11.5676	3006
11.5714	3006
11.5724	3006
11.5756	3006
11.5796	3006
11.5806	3006
11.584	3006
11.5872	3006
11.5882	3006
11.5929	3006
11.5963	3006
11.5963	3006
11.6002	3006
11.6059	3006
11.6059	3006
11.6091	3006
11.615	3006
11.615	3006
11.6182	3006
11.6222	3006
11.6222	3006
11.6266	3006
11.6308	3006
11.6308	3006
11.6347	3006
11.6399	3006
11.6399	3006
11.6431	3006
11.6476	3006
11.6476	3006
11.6523	3006
11.6557	3006
11.6567	3006
11.6609	3006
11.6639	3006
11.6648	3006
11.6681	3006
11.671	3006
11.6724	3006
11.6764	3006
11.6796	3006
11.6806	3006
11.6849	3006
11.6878	3006
11.6888	3006
11.6921	3006
11.6951	3006
11.6963	3006
11.7003	3006
11.7045	3006
11.7045	3006
11.7084	3006
11.7127	3006
11.7127	3006
11.7166	3006
11.7208	3006
11.7208	3006
11.7248	3006
11.7285	3006
11.7285	3006
11.7324	3008
11.7363	3008
11.7363	3008
11.7405	3008
11.7445	3008
11.7445	3008
11.7481	3008
11.753	3019
11.753	3019
11.7562	3019
11.7602	3019
11.7602	3019
11.7645	3019
11.7689	3019
11.7689	3019
11.7721	3061
11.776	3061
11.776	3061
11.7803	3061
11.7841	3061
11.7841	3061
11.7884	3061
11.7924	3061
11.7924	3061
11.797	3061
11.7999	3061
11.8009	3061
11.8048	3061
11.8071	3061
11.808	3061
11.8123	3061
11.8153	3061
11.8163	3061
11.8195	3061
11.8234	3061
11.8248	3061
11.8277	3061
11.832	3061
11.833	3061
11.8358	3061
11.8392	3061
11.8402	3061
11.8434	3061
11.8474	3061
11.8474	3061
11.8516	3061
11.8555	3061
11.8555	3061
11.8592	3061
11.8632	3061
11.8632	3061
11.8671	3061
11.8713	3061
11.8713	3061
11.8756	3061
11.878	3061
11.879	3061
11.8832	3061
11.8861	3061
11.8871	3061
11.8911	3061
11.8943	3061
11.8952	3061
11.8982	3061
11.9028	3061
11.9038	3061
11.9068	3061
11.9107	3061
11.9119	3061
11.9149	3061
11.9182	3061
11.9192	3061
11.9221	3061
11.9265	3061
11.9265	3061
11.9307	3061
11.9346	3061
11.9346	3061
11.9388	3061
11.9427	3061
11.9427	3061
11.9464	3061
11.9504	3061
11.9504	3061
11.9543	3061
11.9575	3061
11.9585	3061
11.9624	3061
11.9651	3061
11.9661	3061
11.971	3061
11.9732	3061
11.9742	3061
11.9782	3061
11.9815	3061
11.9824	3061
11.9853	3061
11.9897	3061
11.9907	3061
11.9939	3061
11.9978	3061
11.9981	3061
12.0011	3061
12.0051	3061
12.0051	3061
12.0097	3061
12.0137	3061
12.0137	3061
12.0178	3061
12.0218	3061
12.0218	3061
12.0258	3061
12.0294	3061
12.0294	3061
12.0334	3061
12.0365	3061
12.0375	3061
12.0415	3061
12.0445	3061
12.0451	3061
12.0491	3061
12.0521	3061
12.0531	3061
12.0572	3061
12.0602	3061
12.0612	3061
12.0648	3061
12.0687	3061
12.0697	3061
12.0725	3061
12.0768	3061
12.0778	3061
12.0821	3061
12.0854	3061
12.0864	3061
12.0912	3061
12.0945	3061
12.0955	3061
12.0989	3061
12.1041	3061
12.1041	3061
12.1099	3061
12.1132	3061
12.1132	3061
12.1194	3061
12.1228	3061
12.1238	3061
12.1285	3061
12.1319	3061
12.1329	3061
12.1353	3061
12.1415	3061
12.1415	3061
12.1472	3061
12.1506	3061
12.1516	3061
12.1549	3061
12.1602	3061
12.1602	3061
12.164	3061
12.1693	3061
12.1693	3061
12.1736	3061
12.1788	3061
12.1788	3061
12.1846	3061
12.188	3061
12.1889	3061
12.1913	3061
12.1975	3061
12.1975	3061
12.2014	3061
12.2066	3061
12.2066	3061
12.211	3061
12.2162	3061
12.2162	3061
12.2201	3061
12.2253	3061
12.2253	3061
12.2292	3061
12.2349	3061
12.2349	3061
12.2388	3061
12.244	3061
12.244	3061
12.2484	3061
12.2536	3061
12.2536	3061
12.2575	3061
12.2627	3061
12.2627	3061
12.266	3061
12.2723	3061
12.2723	3061
12.2761	3061
12.2814	3061
12.2814	3061
12.2852	3061
12.2909	3061
12.2909	3061
12.2948	3061
12.3001	3061
12.3001	3061
12.3049	3061
12.3096	3061
12.3096	3061
12.3135	3061
12.3187	3061
12.3187	3061
12.3221	3061
12.3283	3061
12.3283	3061
12.3341	3061
12.3374	3061
12.3384	3061
12.3436	3061
12.347	3061
12.347	3061
12.3528	3061
12.3566	3061
12.3566	3061
12.3623	3061
12.3686	3061
12.3686	3061
12.3724	3061
12.3781	3061
12.3781	3061
12.3839	3061
12.3872	3061
12.3872	3061
12.3916	3061
12.3968	3061
12.3968	3061
12.4026	3061
12.4059	3061
12.4069	3061
12.4122	3061
12.4184	3061
12.4184	3061
12.4221	3061
12.428	3061
12.428	3061
12.4318	3061
12.4371	3061
12.4371	3061
12.4419	3061
12.4466	3061
12.4466	3061
12.4524	3061
12.4558	3061
12.4568	3061
12.462	3061
12.4653	3061
12.4653	3061
12.4711	3061
12.4749	3061
12.4759	3061
12.4807	3061
12.4869	3061
12.4869	3061
12.4908	3061
12.4965	3061
12.4965	3061
12.5003	3061
12.5056	3061
12.5056	3061
12.5095	3061
12.5152	3061
12.5152	3061
12.5209	3061
12.5243	3061
12.5243	3061
12.5305	3061
12.5338	3061
12.5348	3061
12.5396	3061
12.5463	3061
12.5463	3061
12.5502	3061
12.5554	3061
12.5554	3061
12.5593	3061
12.565	3061
12.565	3061
12.5689	3061
12.5741	3061
12.5741	3061
12.5803	3061
12.5837	3061
12.5847	3061
12.5894	3061
12.5961	3061
12.5961	3061
12.601	3061
12.6052	3061
12.6052	3061
12.6091	3061
12.6148	3061
12.6148	3061
12.6206	3061
12.6239	3061
12.6249	3061
12.6301	3061
12.6364	3061
12.6364	3061
12.6402	3061
12.6459	3061
12.6459	3061
12.6498	3061
12.6551	3061
12.6551	3061
12.6594	3061
12.6646	3061
12.6646	3061
12.6704	3061
12.6742	3061
12.6742	3061
12.68	3061
12.6862	3061
12.6862	3061
12.6901	3061
12.6958	3061
12.6958	3061
12.7015	3061
12.7049	3061
12.7059	3061
12.7111	3061
12.7145	3061
12.7155	3061
12.7202	3061
12.724	3061
12.724	3061
12.7298	3061
12.736	3061
12.736	3061
12.7409	3061
12.7456	3061
12.7456	3061
12.7513	3061
12.7547	3061
12.7557	3061
12.7609	3061
12.7672	3061
12.7672	3061
12.7719	3061
12.7749	3061
12.7759	3061
12.7796	3061
12.7858	3061
12.7858	3061
12.7892	3061
12.7954	3061
12.7954	3061
12.8012	3061
12.805	3061
12.806	3061
12.8108	3061
12.817	3061
12.817	3061
12.8209	3061
12.8266	3061
12.8266	3061
12.8304	3061
12.8357	3061
12.8357	3061
12.8419	3061
12.8481	3061
12.8481	3061
12.853	3061
12.8577	3061
12.8577	3061
12.8616	3061
12.8668	3061
12.8668	3061
12.8705	3061
12.8735	3061
12.8793	3061
12.8793	3061
12.8831	3061
12.8888	3061
12.8888	3061
12.8951	3061
12.899	3061
12.9	3061
12.9047	3061
12.9204	2458
12.9233	2458
12.9291	2458
12.9338	2458
12.9358	2458
12.9397	2458
12.9449	2458
12.9449	2458
12.9511	2458
12.9555	2458
12.9565	2458
12.9602	2458
12.9656	2458
12.9666	2458
12.9702	2458
12.9752	2458
12.9752	2458
12.9809	2458
12.9856	2458
12.9856	2458
12.9914	2458
12.9957	2458
12.9967	2458
13.001	2458
13.0053	2458
13.0063	2458
13.0101	2458
13.0158	2458
13.0168	2458
13.0206	2458
13.0259	2458
13.0259	2458
13.0307	2458
13.0354	2458
13.0354	2458
13.0412	2458
13.0455	2458
13.0465	2458
13.0508	2458
13.055	2458
13.057	2458
13.0619	2458
13.0666	2458
13.0666	2458
13.0715	2458
13.0767	2458
13.0767	2458
13.0819	2458
13.0853	2458
13.0863	2458
13.091	2458
13.0958	2458
13.0977	2458
13.1016	2458
13.1068	2458
13.1068	2458
13.1131	2458
13.1174	2458
13.1184	2458
13.1222	2458
13.127	2458
13.128	2458
13.1327	2458
13.138	2458
13.138	2458
13.143	2458
13.1475	2458
13.1475	2458
13.1525	2458
13.1563	2458
13.1573	2458
13.1634	2458
13.1691	2458
13.1691	2458
13.1753	2458
13.1797	2458
13.1807	2458
13.1849	2458
13.1907	2458
13.1907	2458
13.1974	2458
13.2012	2458
13.2022	2458
13.2065	2458
13.2118	2458
13.2128	2458
13.2161	2458
13.2218	2458
13.2218	2458
13.2262	2458
13.2314	2458
13.2314	2458
13.2376	2458
13.2415	2458
13.2425	2458
13.2472	2458
13.2511	2458
13.2521	2458
13.2563	2458
13.2625	2458
13.2625	2458
13.2688	2458
13.2726	2458
13.2736	2458
13.2783	2458
13.2841	2458
13.2841	2458
13.2894	2458
13.2937	2458
13.294	2458
13.2999	2458
13.3038	2458
13.3048	2458
13.3095	2458
13.3133	2458
13.3143	2458
13.3186	2458
13.3248	2458
13.3248	2458
13.3292	2458
13.3339	2458
13.3348	2458
13.3406	2458
13.3445	2458
13.3455	2458
13.3497	2458
13.3555	2458
13.3555	2458
13.3608	2458
13.3651	2458
13.3651	2458
13.3713	2458
13.3752	2458
13.3762	2458
13.3809	2458
13.3866	2458
13.3866	2458
13.392	2458
13.3962	2458
13.3962	2458
13.4024	2458
13.4063	2458
13.4073	2458
13.412	2458
13.4178	2458
13.4178	2458
13.4221	2458
13.4273	2458
13.4273	2458
13.4336	2458
13.4398	2458
13.4398	2458
13.4441	2458
13.4489	2458
13.4497	2458
13.4556	2458
13.4595	2458
13.4605	2458
13.4647	2458
13.4696	2458
13.4706	2458
13.4743	2458
13.48	2458
13.48	2458
13.4867	2458
13.4906	2458
13.4916	2458
13.4958	2458
13.5007	2458
13.5017	2458
13.5054	2458
13.5112	2458
13.5112	2458
13.5179	2458
13.5218	2458
13.5228	2458
13.527	2458
13.5332	2458
13.5332	2458
13.5386	2458
13.5423	2458
13.5432	2458
13.549	2458
13.5539	2458
13.5549	2458
13.5581	2458
13.5635	2458
13.5645	2458
13.5687	2458
13.5735	2458
13.5735	2458
13.5802	2458
13.584	2458
13.585	2458
13.5893	2458
13.5946	2458
13.5956	2458
13.5998	2458
13.6046	2458
13.6046	2458
13.6094	2458
13.6142	2458
13.6142	2458
13.6204	2458
13.6248	2458
13.6258	2458
13.63	2458
13.6357	2458
13.6357	2458
13.6406	2458
13.6453	2458
13.6453	2458
13.6515	2458
13.6578	2458
13.6578	2458
13.6621	2458
13.6669	2458
13.6677	2458
13.6736	2458
13.6775	2458
13.6785	2458
13.6827	2458
13.6889	2458
13.6889	2458
13.6933	2458
13.698	2458
13.698	2458
13.7047	2458
13.7105	2458
13.7105	2458
13.7158	2458
13.72	2458
13.72	2458
13.7254	2458
13.7292	2458
13.7302	2458
13.7359	2458
13.7416	2458
13.7416	2458
13.747	2458
13.7512	2458
13.7512	2458
13.7574	2458
13.7613	2458
13.7623	2458
13.767	2458
13.7727	2458
13.7727	2458
13.7771	2458
13.7823	2458
13.7823	2458
13.7886	2458
13.7924	2458
13.7934	2458
13.7981	2458
13.8039	3061
13.8039	3061
13.8072	3061
13.8102	3061
13.8112	3061
13.8155	3061
13.8187	3061
13.8197	3061
13.8237	3061
13.8263	3061
13.8273	3061
13.8303	3061
13.8343	3061
13.835	3061
13.8384	3061
13.8424	3061
13.8434	3061
13.8466	3061
13.8508	3061
13.8508	3061
13.8547	3061
13.8584	3061
13.8584	3061
13.8624	3061
13.8662	3061
13.8662	3061
13.8705	3061
13.8745	3061
13.8745	3061
13.8787	3061
13.883	3061
13.883	3061
13.8869	3061
13.8896	3061
13.8906	3061
13.8946	3061
13.8973	3061
13.8983	3061
13.902	3061
13.905	3061
13.906	3061
13.9099	3061
13.9131	3061
13.9141	3061
13.9175	3061
13.9217	3061
13.9227	3061
13.9257	3061
13.9295	3061
13.9295	3061
13.9332	3061
13.9372	3061
13.9372	3061
13.941	3061
13.9453	3061
13.9453	3061
13.9493	3061
13.9535	3061
13.9535	3061
13.9577	3061
13.9616	3061
13.9616	3061
13.9663	3061
13.9692	3061
13.9702	3061
13.9754	3061
13.9816	3061
13.9816	3061
13.9879	3061
13.9907	3061
13.9917	3061
13.9974	3061
14.0003	3061
14.0013	3061
14.0065	3061
14.0128	3061
14.0128	3061
14.019	3061
14.0219	3061
14.0229	3061
14.0286	3061
14.0343	3061
14.0343	3061
14.0387	3061
14.0439	3061
14.0439	3061
14.0501	3061
14.053	3061
14.053	3061
14.0568	3061
14.0626	3061
14.0626	3061
14.0688	3061
14.0717	3061
14.0717	3061
14.0784	3061
14.0813	3061
14.0813	3061
14.0875	3061
14.0904	3061
14.0904	3061
14.0971	3061
14.0991	3061
14.1023	3061
14.1033	3061
14.1062	3061
14.1282	3061
14.1282	3061
14.1335	3061
14.1383	3061
14.1393	3061
14.1446	3061
14.1446	3061
14.1498	3061
14.1547	3061
14.1557	3061
14.1604	3061
14.1656	3061
14.1704	3061
14.1704	3061
14.1752	3061
14.1805	3061
14.1814	3061
14.1862	3061
14.1911	3061
14.1964	3061
14.2011	3061
14.2011	3061
14.2061	3061
14.2112	3061
14.2122	3061
14.2255	3061
14.2322	3061
14.2322	3061
14.238	3061
14.2413	3061
14.2413	3061
14.2476	3061
14.2538	3061
14.2568	3061
14.2575	3061
14.2605	3061
14.2662	3061
14.2662	3061
14.2706	3061
14.2758	3061
14.2758	3061
14.2821	3061
14.2854	3061
14.2864	3061
14.2916	3061
14.2974	3061
14.2974	3061
14.3017	3061
14.307	3061
14.307	3061
14.3132	3061
14.3165	3061
14.3175	3061
14.3257	3061
14.328	3061
14.332	3061
14.332	3061
14.3366	3061
14.3406	3061
14.3406	3061
14.3443	3061
14.3487	3061
14.3487	3061
14.3539	3061
14.3568	3061
14.3578	3061
14.3664	2432
14.3726	2432
14.3726	2432
14.3778	2432
14.3818	2432
14.3821	2432
14.3871	2432
14.3913	2432
14.3923	2432
14.3975	2432
14.4037	2432
14.4037	2432
14.408	2432
14.413	2432
14.414	2432
14.4181	2432
14.4221	2432
14.4231	2432
14.4287	2432
14.4327	2432
14.4339	2432
14.4383	2432
14.4423	2432
14.443	2432
14.4489	2432
14.4529	2432
14.4555	2432
14.4593	2432
14.4643	2432
14.4651	2432
14.4694	2432
14.4742	2432
14.4742	2432
14.4804	2432
14.4848	2432
14.4858	2432
14.4896	2432
14.4949	2432
14.4958	2432
14.4995	2432
14.5045	2432
14.5053	2432
14.5096	2432
14.5146	2432
14.5159	2432
14.5192	2432
14.524	2432
14.525	2432
14.5293	2432
14.5342	2432
14.5352	2432
14.5399	2432
14.5447	2432
14.5447	2432
14.5495	2432
14.5542	2432
14.5542	2432
14.5592	2432
14.5642	2432
14.5642	2432
14.5691	2432
14.5747	2432
14.5747	2432
14.5796	2432
14.5849	2432
14.5849	2432
14.5898	2432
14.5983	2432
14.6045	2432
14.6089	2432
14.6136	2432
14.6136	2432
14.6185	2432
14.6232	2432
14.6232	2432
14.6284	2432
14.6334	2432
14.6356	2432
14.639	2432
14.6448	2432
14.6448	2432
14.6495	2432
14.6545	2432
14.6572	2432
14.6616	2432
14.6666	2432
14.6668	2432
14.6711	2432
14.6769	2432
14.6769	2432
14.6816	2432
14.6866	2432
14.6883	2432
14.6922	2432
14.6972	2432
14.6979	2432
14.7022	2432
14.7072	2432
14.7075	2432
14.7128	2432
14.7177	2432
14.7195	2432
14.7233	2432
14.7282	2432
14.7291	2432
14.7333	2432
14.7383	2432
14.7415	2432
14.7459	2432
14.7506	2432
14.7506	2432
14.7555	2432
14.7602	2432
14.7602	2432
14.7655	2432
14.7704	2432
14.7727	2432
14.776	2432
14.781	2432
14.7818	2432
14.7866	2432
14.7913	2432
14.7913	2432
14.7966	2432
14.8016	2432
14.8038	2432
14.8072	2432
14.8122	2432
14.8129	2432
14.8176	2432
14.8225	2432
14.8225	2432
14.8272	2432
14.8321	2432
14.8378	2432
14.8416	2432
14.8465	2432
14.8474	2432
14.8517	2432
14.8566	2432
14.8599	2432
14.8632	2432
14.8681	2432
14.869	2432
14.8737	2432
14.8785	2432
14.8785	2432
14.8838	2432
14.8881	2432
14.891	2432
14.8943	2432
14.8992	2432
14.9006	2432
14.9048	2432
14.9098	2432
14.9126	2432
14.9163	2432
14.9213	2432
14.9221	2432
14.9264	2432
14.9314	2432
14.9346	2432
14.9389	2432
14.9437	2432
14.9437	2432
14.9484	2432
14.9534	2432
14.9562	2432
14.9605	2432
14.9655	2432
14.9657	2432
14.9701	2432
14.9753	2432
14.9753	2432
14.9806	2432
14.9855	2432
14.9873	2432
14.9916	2432
14.9966	2432
14.9969	2432
15.0011	2432
15.007	2432
15.007	2432
15.0117	2432
15.0167	2432
15.0184	2432
15.0223	2432
15.0273	2432
15.028	2432
15.0323	2432
15.0372	2432
15.0376	2432
15.0428	2432
15.0478	2432
15.0496	2432
15.0534	2432
15.0584	2432
15.0592	2432
15.0634	2432
15.0687	2432
15.0716	2432
15.0759	2432
15.0808	2432
15.0841	2432
15.0884	2432
15.0932	2432
15.0932	2432
15.0989	2432
15.1037	2432
15.1037	2432
15.108	2432
15.114	2432
15.1152	2432
15.1195	2432
15.1243	2432
15.1243	2432
15.129	2432
15.134	2432
15.1368	2432
15.1406	2432
15.1455	2432
15.1463	2432
15.1506	2432
15.1556	2432
15.1588	2432
15.1622	2432
15.167	2432
15.1684	2432
15.1726	2432
15.1776	2432
15.1804	2432
15.1847	2432
15.1891	2432
15.1899	2432
15.1942	2432
15.1992	2432
15.1995	2432
15.2048	2432
15.2097	2432
15.2115	2432
15.2154	2432
15.2202	2432
15.2211	2432
15.2253	2432
15.2303	2432
15.2307	2432
15.2359	2432
15.2409	2432
15.2426	2432
15.2465	2432
15.2513	2432
15.2522	2432
15.2565	2432
15.2614	2432
15.2647	2432
15.268	2432
15.273	2432
15.2738	2432
15.2785	2432
15.2834	2432
15.2834	2432
15.2886	2432
15.2936	2432
15.2958	2432
15.2991	2432
15.304	2432
15.3083	2432
15.3127	2432
15.3174	2432
15.3174	2432
15.3221	2432
15.3271	2432
15.3298	2432
15.3332	2432
15.3382	2432
15.3394	2432
15.3437	2432
15.3486	2432
15.349	2432
15.3532	2432
15.3582	2432
15.361	2432
15.3648	2432
15.3697	2432
15.3706	2432
15.3748	2432
15.3798	2432
15.383	2432
15.3874	2432
15.3921	2432
15.3921	2432
15.3978	2432
15.4028	2432
15.4046	2432
15.4084	2432
15.4133	2432
15.4142	2432
15.4184	2432
15.4234	2432
15.4237	2432
15.429	2432
15.434	2432
15.4357	2432
15.4394	2432
15.4444	2432
15.4482	2432
15.4525	2432
15.4575	2432
15.4577	2432
15.4621	2432
15.4678	2432
15.4678	2432
15.4726	2432
15.4776	2432
15.4793	2432
15.4837	2432
15.4887	2432
15.4889	2432
15.4931	2432
15.4981	2432
15.4985	2432
15.5037	2432
15.5087	2432
15.5104	2432
15.5143	2432
15.5193	2432
15.52	2432
15.5243	2432
15.5293	2432
15.5325	2432
15.5369	2432
15.5417	2432
15.5421	2432
15.5463	2432
15.5513	2432
15.554	2432
15.5589	2432
15.5636	2432
15.5636	2432
15.5689	2432
15.5738	2432
15.5761	2432
15.5803	2432
15.5852	2432
15.5852	2432
15.5909	2432
15.5959	2432
15.5976	2432
15.601	2432
15.6065	2432
15.6072	2432
15.6115	2432
15.6164	2432
15.6168	2432
15.6211	2432
15.626	2432
15.6288	2432
15.6325	2432
15.6375	2432
15.6412	2432
15.6456	2432
15.6506	2432
15.6508	2432
15.6552	2432
15.6609	2432
15.6609	2432
15.6656	2432
15.6706	2432
15.6724	2432
15.6768	2432
15.6811	2432
15.682	2432
15.6862	2432
15.6912	2432
15.6915	2432
15.6968	2432
15.7018	2432
15.7035	2432
15.7074	2432
15.7122	2432
15.7131	2432
15.7174	2432
15.7223	2432
15.7255	2432
15.7299	2432
15.7347	2432
15.7347	2432
15.7394	2432
15.7444	2432
15.7471	2432
15.7515	2432
15.7565	2432
15.7567	2432
15.7619	2432
15.7669	2432
15.7691	2432
15.7735	2432
15.7782	2432
15.7782	2432
15.7831	2432
15.789	2432
15.7907	2432
15.7941	2432
15.7991	2432
15.8003	2432
15.8045	2432
15.8095	2432
15.8099	2432
15.8141	2432
15.8191	2432
15.8218	2432
15.8256	2432
15.8306	2432
15.8314	2432
15.8357	2432
15.8407	2432
15.8439	2432
15.8472	2432
15.8522	2432
15.853	2432
15.8577	2432
15.8627	2432
15.8654	2432
15.8698	2432
15.8741	2432
15.875	2432
15.8793	2432
15.8842	2432
15.8846	2432
15.8899	2432
15.8948	2432
15.8966	2432
15.9003	2432
15.9053	2432
15.9062	2432
15.9104	2432
15.9154	2432
15.9186	2432
15.923	2432
15.9277	2432
15.9277	2432
15.9325	2432
15.9374	2432
15.9402	2432
15.9445	2432
15.9495	2432
15.9498	2432
15.954	2432
15.96	2432
15.9622	2432
15.9666	2432
15.9713	2432
15.9713	2432
15.976	2432
15.981	2432
15.9838	2432
15.9871	2432
15.9921	2432
15.9934	2432
15.9976	2432
16.0026	2432
16.0029	2432
16.0072	2432
16.0122	2432
16.0149	2432
16.0186	2432
16.0236	2432
16.0245	2432
16.0287	2432
16.0337	2432
16.0369	2432
16.0403	2432
16.0453	2432
16.0461	2432
16.0508	2432
16.0558	2432
16.0585	2432
16.0623	2432
16.0673	2432
16.0681	2432
16.0723	2432
16.0772	2432
16.0772	2432
16.0829	2432
16.0879	2432
16.0896	2432
16.0935	2432
16.0984	2432
16.1021	2432
16.1065	2432
16.1115	2432
16.1117	2432
16.116	2432
16.1218	2432
16.1218	2432
16.1265	2432
16.1315	2432
16.1332	2432
16.1376	2432
16.1426	2432
16.1428	2432
16.1471	2432
16.1521	2432
16.1553	2432
16.1596	2432
16.1644	2432
16.1644	2432
16.1691	2432
16.1741	2432
16.1768	2432
16.1802	2432
16.1852	2432
16.1864	2432
16.1907	2432
16.1957	2432
16.196	2432
16.2003	2432
16.2052	2432
16.208	2432
16.2117	2432
16.2167	2432
16.2176	2432
16.2218	2432
16.2268	2432
16.23	2432
16.2344	2432
16.2391	2432
16.2391	2432
16.2449	2432
16.2498	2432
16.2516	2432
16.2559	2432
16.2609	2432
16.2612	2432
16.2654	2432
16.2703	2432
16.2703	2432
16.276	2432
16.281	2432
16.2827	2432
16.2864	2432
16.2914	2432
16.2952	2432
16.2995	2432
16.3045	2432
16.3048	2432
16.3091	2432
16.3149	2432
16.3149	2432
16.3196	2432
16.3246	2432
16.3263	2432
16.3307	2432
16.335	2432
16.3359	2432
16.3402	2432
16.3451	2432
16.3484	2432
16.3526	2432
16.3575	2432
16.3575	2432
16.3622	2432
16.3672	2432
16.3699	2432
16.3733	2432
16.3783	2432
16.3795	2432
16.3837	2432
16.3887	2432
16.3891	2432
16.3933	2432
16.3983	2432
16.4011	2432
16.4058	2432
16.4106	2432
16.4106	2432
16.4159	2432
16.4209	2432
16.4231	2432
16.4274	2432
16.4322	2432
16.4322	2432
16.4379	2432
16.4429	2432
16.4446	2432
16.449	2432
16.454	2432
16.4542	2432
16.4585	2432
16.4635	2432
16.4638	2432
16.4681	2432
16.473	2432
16.4758	2432
16.4795	2432
16.4845	2432
16.4882	2432
16.4926	2432
16.4976	2432
16.4978	2432
16.5022	2432
16.5079	2432
16.5079	2432
16.5127	2432
16.5176	2432
16.5194	2432
16.5232	2432
16.5281	2432
16.529	2432
16.5332	2432
16.5382	2432
16.5414	2432
16.5457	2432
16.5505	2432
16.5505	2432
16.5553	2432
16.5602	2432
16.563	2432
16.5663	2432
16.5713	2432
16.5726	2432
16.5768	2432
16.5818	2432
16.5821	2432
16.5864	2432
16.5914	2432
16.5941	2432
16.5989	2432
16.6037	2432
16.6037	2432
16.609	2432
16.6139	2432
16.6162	2432
16.6205	2432
16.6253	2432
16.6253	2432
16.631	2432
16.636	2432
16.6377	2432
16.6411	2432
16.6461	2432
16.6473	2432
16.6516	2432
16.6565	2432
16.6569	2432
16.6611	2432
16.6661	2432
16.6689	2432
16.6726	2432
16.6776	2432
16.6813	2432
16.6857	2432
16.6907	2432
16.6909	2432
16.6952	2432
16.701	2432
16.701	2432
16.7057	2432
16.7107	2432
16.7125	2432
16.7168	2432
16.7212	2432
16.722	2432
16.7263	2432
16.7313	2432
16.7345	2432
16.7388	2432
16.7436	2432
16.7436	2432
16.7483	2432
16.7533	2432
16.756	2432
16.7604	2432
16.7654	2432
16.7656	2432
16.7709	2432
16.7752	2432
16.7752	2432
16.7805	2432
16.7854	2432
16.7872	2432
16.791	2432
16.7968	2432
16.7968	2432
16.801	2432
16.807	2432
16.8092	2432
16.8136	2432
16.8183	2432
16.8183	2432
16.8231	2432
16.828	2432
16.8308	2432
16.8341	2432
16.8391	2432
16.8404	2432
16.8446	3061
16.8486	3061
16.8486	3061
16.8529	3061
16.8562	3061
16.8562	3061
16.8602	3061
16.8649	3061
16.8649	3061
16.8686	3061
16.8725	3061
16.8725	3061
16.8768	3061
16.8797	3061
16.8807	3061
16.8843	3061
16.8873	3061
16.8883	3061
16.8923	3061
16.8951	3061
16.8961	3061
16.8998	3061
16.9038	3061
16.9048	3061
16.9079	3061
16.9119	3061
16.9122	3061
16.9151	3061
16.9194	3061
16.9194	3061
16.9233	3061
16.9273	3061
16.9273	3061
16.9319	3061
16.9359	3061
16.9359	3061
16.9397	3061
16.9434	3061
16.9434	3061
16.9474	3061
16.9515	3061
16.9515	3061
16.9555	3061
16.9585	3061
16.9597	3061
16.9639	3061
16.9669	3061
16.9679	3061
16.9711	3061
16.9745	3061
16.9755	3061
16.9785	3061
16.9823	3061
16.9833	3061
16.987	3061
16.9927	3061
16.9927	3061
16.9961	3061
17.0023	3061
17.0023	3061
17.0085	3061
17.0114	3061
17.0124	3061
17.0181	3061
17.0238	3061
17.0238	3061
17.0306	3061
17.0334	3061
17.0344	3061
17.0397	3061
17.0459	3061
17.0459	3061
17.0492	3061
17.055	3061
17.055	3061
17.0617	3061
17.0674	3061
17.0674	3061
17.0742	3061
17.077	3061
17.078	3061
17.0833	3061
17.0871	3061
17.0881	3061
17.0938	3061
17.0987	3061
17.1	3061
17.1049	3061
17.1083	3061
17.1095	3061
17.1145	3061
17.1196	3061
17.1206	3061
17.126	3061
17.1302	3061
17.1302	3061
17.1352	3061
17.1403	3061
17.1413	3061
17.1469	3061
17.1519	3061
17.1519	3061
17.156	3061
17.1615	3061
17.1625	3061
17.1672	3061
17.1724	3061
17.1724	3061
17.1771	3061
17.1821	3061
17.2121	2432
17.2184	2432
17.2221	2432
17.2271	2432
17.2313	2432
17.2368	2432
17.2375	2432
17.2419	2452
17.2469	2452
17.2471	2452
17.2514	2452
17.2562	2452
17.2562	2452
17.2619	2452
17.2668	2455
17.2668	2455
17.271	2455
17.276	2455
17.276	2455
17.2816	2455
17.2856	2455
17.2866	2455
17.2917	2482
17.2957	2482
17.2967	2482
17.3003	2482
17.3053	2482
17.306	2482
17.3109	2512
17.3156	2516
17.3156	2516
17.3209	2516
17.3247	2516
17.3256	2516
17.3296	2516
17.3343	2516
17.3343	2516
17.3396	2516
17.3435	2516
17.3449	2516
17.3491	2516
17.354	2516
17.355	2516
17.3582	2516
17.3632	2516
17.3632	2516
17.3688	2516
17.3728	2516
17.3738	2516
17.3779	2516
17.3822	2516
17.3832	2516
17.3871	2516
17.3921	2516
17.3921	2516
17.3976	2516
17.4016	2516
17.4023	2516
17.4066	2516
17.4116	2516
17.4116	2516
17.4167	2516
17.4207	2516
17.4217	2516
17.4257	2516
17.433	2516
17.433	2516
17.4388	2516
17.4426	2516
17.4436	2516
17.4479	2516
17.4528	2516
17.4528	2516
17.458	2516
17.4632	2516
17.4632	2516
17.4694	2516
17.4733	2516
17.4743	2516
17.479	2516
17.4848	2516
17.4848	2516
17.4891	2516
17.4943	2516
17.4943	2516
17.5006	2516
17.5049	2516
17.5059	2516
17.5102	2516
17.5159	2516
17.5159	2516
17.5203	2516
17.5255	2516
17.5255	2516
17.5308	2516
17.5346	2516
17.536	2516
17.5399	2516
17.5442	2516
17.5442	2516
17.5504	2516
17.5543	2516
17.5553	2516
17.56	2516
17.5642	2516
17.5642	2516
17.5692	2516
17.5738	2516
17.5748	2516
17.5787	2516
17.5835	2516
17.5835	2516
17.5888	2516
17.594	2516
17.594	2516
17.5983	2516
17.6031	2516
17.6031	2516
17.6098	2516
17.6137	2516
17.6147	2516
17.6189	2516
17.6233	2516
17.6233	2516
17.6285	2516
17.6342	2516
17.6342	2516
17.6391	2516
17.6438	2516
17.6448	2516
17.65	2516
17.6544	2516
17.6554	2516
17.6625	2516
17.6664	2516
17.6674	2516
17.6721	2516
17.677	2516
17.678	2516
17.6812	2516
17.6874	2516
17.6874	2516
17.6936	2516
17.698	2516
17.699	2516
17.7032	2516
17.709	2516
17.709	2516
17.7157	2516
17.7196	2516
17.7206	2516
17.7248	2516
17.731	2516
17.731	2516
17.7372	2516
17.7411	2516
17.7421	2516
17.7468	2516
17.7526	2516
17.7526	2516
17.7579	2516
17.7622	2516
17.7622	2516
17.7684	2516
17.7727	2516
17.7737	2516
17.778	2516
17.7837	2516
17.7837	2516
17.7904	2516
17.7943	2516
17.7953	2516
17.7995	2516
17.8049	2516
17.8049	2516
17.8091	2516
17.8149	2516
17.8149	2516
17.8192	2516
17.8244	2516
17.8244	2516
17.8307	2516
17.8345	2516
17.8355	2516
17.8402	2516
17.846	2516
17.846	2516
17.8503	2516
17.8556	2516
17.8556	2516
17.8618	2516
17.8657	2516
17.8667	2516
17.8714	2516
17.8771	2516
17.8771	2516
17.883	2516
17.8867	2516
17.8877	2516
17.8929	2516
17.8992	2516
17.8992	2516
17.9054	2516
17.9093	2516
17.9103	2516
17.915	2516
17.9199	2516
17.9199	2516
17.9241	2516
17.9303	2516
17.9303	2516
17.9365	2516
17.9404	2516
17.9414	2516
17.9461	2516
17.9519	2516
17.9519	2516
17.9586	2516
17.9624	2516
17.9634	2516
17.9677	2516
17.9739	2516
17.9739	2516
17.9801	2516
17.984	2516
17.985	2516
17.9897	2516
17.9955	2516
17.9955	2516
18.0008	2516
18.005	2516
18.005	2516
18.0113	2516
18.0151	2516
18.0161	2516
18.0209	2516
18.0266	2516
18.0266	2516
18.032	2516
18.0362	2516
18.0362	2516
18.0424	2516
18.0463	2516
18.0473	2516
18.052	2516
18.0569	2516
18.0569	2516
18.0611	2516
18.0673	2516
18.0673	2516
18.0736	2516
18.0774	2516
18.0784	2516
18.0831	2516
18.087	2516
18.088	2516
18.0922	2516
18.0985	2516
18.0985	2516
18.1047	2516
18.1086	2516
18.1096	2516
18.1143	2516
18.12	2516
18.12	2516
18.1267	2516
18.1306	2516
18.1316	2516
18.1358	2516
18.1421	2516
18.1421	2516
18.1483	2516
18.1522	2516
18.1532	2516
18.1579	2516
18.1627	2516
18.1627	2516
18.168	2516
18.1732	2516
18.1732	2516
18.1794	2516
18.1833	2516
18.1843	2516
18.189	2516
18.1948	2516
18.1948	2516
18.2015	2516
18.2053	2516
18.2063	2516
18.2106	2516
18.2168	2516
18.2168	2516
18.223	2516
18.2279	2516
18.2289	2516
18.2326	2516
18.2384	2516
18.2384	2516
18.2437	2516
18.2479	2516
18.2483	2516
18.2523	2516
18.257	2516
18.257	2516
18.2637	2516
18.2695	2516
18.2695	2516
18.2748	2516
18.2791	2516
18.2791	2516
18.2844	2516
18.2882	2516
18.2892	2516
18.2949	2516
18.2988	2516
18.2998	2516
18.304	2516
18.3102	2516
18.3102	2516
18.3164	2516
18.3203	2516
18.3213	2516
18.326	2516
18.3309	2516
18.3319	2516
18.3351	2516
18.3414	2516
18.3414	2516
18.3476	2516
18.3515	2516
18.3525	2516
18.3572	2516
18.3629	2516
18.3629	2516
18.3696	2516
18.3735	2516
18.3745	2516
18.3787	2516
18.385	2516
18.385	2516
18.3912	2516
18.3951	2516
18.3961	2516
18.4008	2516
18.4065	2516
18.4065	2516
18.4119	2516
18.4161	2516
18.4161	2516
18.4223	2516
18.4262	2516
18.4272	2516
18.4319	2516
18.4377	2516
18.4377	2516
18.4444	2516
18.4482	2516
18.4492	2516
18.4535	2516
18.4597	2516
18.4597	2516
18.4659	2516
18.4698	2516
18.4708	2516
18.4755	2516
18.4794	2516
18.4804	2516
18.4846	2516
18.49	2516
18.49	2516
18.4942	2516
18.4999	2516
18.4999	2516
18.5066	2516
18.5124	2516
18.5124	2516
18.5177	2516
18.522	2516
18.5224	2516
18.5263	2516
18.5311	2516
18.5311	2516
18.5378	2516
18.5417	2516
18.5427	2516
18.5469	2516
18.5531	2516
18.5531	2516
18.5593	2516
18.5632	2516
18.5642	2516
18.5689	2516
18.5738	2516
18.5738	2516
18.578	2516
18.5842	2516
18.5842	2516
18.5905	2516
18.5944	2516
18.5954	2516
18.6001	2516
18.6058	2516
18.6058	2516
18.6125	2516
18.6164	2516
18.6174	2516
18.6216	2516
18.6278	2516
18.6278	2516
18.6341	2516
18.639	2516
18.6399	2516
18.6437	2516
18.6494	2516
18.6494	2516
18.6548	2516
18.659	2516
18.66	2516
18.6652	2516
18.6691	2516
18.6701	2516
18.6748	2516
18.6805	2516
18.6805	2516
18.6859	2516
18.6901	2516
18.6901	2516
18.6964	2516
18.7026	2516
18.7026	2516
18.7079	2516
18.7117	2516
18.7127	2516
18.7184	2516
18.7223	2516
18.7233	2516
18.7275	2516
18.7324	2516
18.7324	2516
18.7371	2516
18.7428	2516
18.7428	2516
18.7495	2516
18.7534	2516
18.7544	2516
18.7586	2516
18.7649	2516
18.7649	2516
18.7692	2516
18.774	2516
18.775	2516
18.7807	2516
18.7845	2516
18.7855	2516
18.7898	2516
18.796	2516
18.796	2516
18.8022	2516
18.8061	2516
18.8071	2516
18.8118	2516
18.8167	2516
18.8167	2516
18.8219	2516
18.8271	2516
18.8271	2516
18.8334	2516
18.8372	2516
18.8382	2516
18.843	2516
18.8487	2516
18.8487	2516
18.8554	2516
18.8593	2516
18.8603	2516
18.8645	2516
18.8707	2516
18.8707	2516
18.877	2516
18.8808	2516
18.8818	2516
18.8865	2516
18.8923	2516
18.8923	2516
18.8976	2516
18.9019	2516
18.9029	2516
18.9081	2516
18.913	2516
18.914	2516
18.9177	2516
18.9234	2516
18.9234	2516
18.9288	2516
18.933	2516
18.933	2516
18.9392	2516
18.9436	2516
18.9446	2516
18.9488	2516
18.9546	2516
18.9546	2516
18.9613	2516
18.9652	2516
18.9662	2516
18.9704	2516
18.9753	2516
18.9753	2516
18.981	2516
18.9857	2516
18.9857	2516
18.9924	2516
18.9963	2516
18.9973	2516
19.0015	2516
19.0078	2516
19.0078	2516
19.0121	2516
19.0169	2516
19.0179	2516
19.0236	2516
19.0274	2516
19.0284	2516
19.0327	2516
19.0389	2516
19.0389	2516
19.0451	2516
19.05	2516
19.051	2516
19.0547	2516
19.0605	2516
19.0605	2516
19.0658	2516
19.07	2516
19.07	2516
19.0763	2516
19.0801	2516
19.0811	2516
19.0858	2516
19.0916	2516
19.0916	2516
19.0983	2516
19.1022	2516
19.1032	2516
19.1074	2516
19.1136	2516
19.1136	2516
19.1199	2516
19.1237	2516
19.1247	2516
19.1294	2516
19.1333	2516
19.1343	2516
19.1385	2516
19.1448	2516
19.1448	2516
19.151	2516
19.1549	2516
19.1559	2516
19.1606	2516
19.1663	2516
19.1663	2516
19.1717	2516
19.1759	2516
19.1763	2516
19.1821	2516
19.186	2516
19.187	2516
19.1917	2516
19.1975	2516
19.1975	2516
19.2042	2516
19.208	2516
19.209	2516
19.2133	2516
19.2195	2516
19.2195	2516
19.2249	2516
19.2286	2516
19.2296	2516
19.2353	2516
19.2392	2516
19.2402	2516
19.2444	2516
19.2506	2516
19.2506	2516
19.256	2516
19.2598	2516
19.2607	2516
19.2665	2516
19.2703	2516
19.2713	2516
19.2756	2516
19.2818	2516
19.2818	2516
19.288	2516
19.2929	2516
19.2939	2516
19.2976	2516
19.3033	2516
19.3033	2516
19.3087	2516
19.3129	2516
19.3139	2516
19.3192	2516
19.323	2516
19.324	2516
19.3287	2516
19.3345	2516
19.3345	2516
19.3412	2516
19.3451	2516
19.3461	2516
19.3503	2516
19.3565	2516
19.3565	2516
19.3627	2516
19.3666	2516
19.3676	2516
19.3723	2516
19.3762	2516
19.3772	2516
19.3814	2516
19.3877	2516
19.3877	2516
19.3939	2516
19.3978	2516
19.3988	2516
19.4035	2516
19.4092	2516
19.4092	2516
19.4146	2516
19.4188	2516
19.4198	2516
19.425	2516
19.4299	2516
19.4309	2516
19.4346	2516
19.4404	2516
19.4404	2516
19.4471	2516
19.4519	2516
19.4529	2516
19.4562	2516
19.4624	2516
19.4624	2516
19.4678	2516
19.4715	2516
19.4724	2516
19.4782	2516
19.4821	2516
19.4831	2516
19.4873	2516
19.4935	2516
19.4935	2516
19.4989	2516
19.5026	2516
19.5036	2516
19.5093	2516
19.5132	2516
19.5142	2516
19.5184	2516
19.5247	2516
19.5247	2516
19.5309	2516
19.5348	2516
19.5358	2516
19.5405	2516
19.5462	2516
19.5462	2516
19.5511	2516
19.5558	2516
19.5568	2516
19.562	2516
19.5669	2516
19.5679	2516
19.5716	2516
19.5774	2516
19.5774	2516
19.5841	2516
19.589	2516
19.59	2516
19.5932	2516
19.5994	2516
19.5994	2516
19.6056	2516
19.6095	2516
19.6105	2516
19.6152	2516
19.6191	2516
19.6201	2516
19.6243	2525
19.6306	2525
19.6306	2525
19.6368	2525
19.6407	2525
19.6417	2525
19.6464	2525
19.6521	2525
19.6521	2525
19.6579	2525
19.6617	2525
19.6627	2525
19.6679	2525
19.6718	2525
19.6728	2525
19.6775	2525
19.6833	2525
19.6833	2525
19.69	2525
19.6938	2525
19.6948	2525
19.6991	2525
19.7053	2525
19.7053	2525
19.7106	2525
19.7144	2525
19.7153	2525
19.7211	2525
19.726	2525
19.727	2525
19.7302	2525
19.7364	2525
19.7364	2525
19.7418	2525
19.7455	2525
19.7465	2525
19.7522	2525
19.7561	2525
19.7571	2525
19.7613	2525
19.7676	2525
19.7676	2525
19.7738	2525
19.7777	2525
19.7787	2525
19.7834	2525
19.7891	2525
19.7891	2525
19.795	2525
19.7987	2525
19.7997	2525
19.8049	2525
19.8088	2525
19.8098	2525
19.8145	2525
19.8203	2525
19.8203	2525
19.827	2525
19.8309	2525
19.8319	2525
19.8361	2525
19.8423	2525
19.8423	2525
19.8485	2525
19.8524	2525
19.8534	2525
19.8581	2525
19.8672	2525
19.8672	2525
19.8734	2525
19.8797	2525
19.8797	2525
19.8836	2525
19.8893	2525
19.8893	2525
19.895	2525
19.9017	2525
19.9017	2525
19.9056	2525
19.9108	2525
19.9108	2525
19.917	2525
19.9233	2525
19.9233	2525
19.9276	2525
19.9328	2525
19.9328	2525
19.9386	2525
19.9453	2525
19.9453	2525
19.9492	2525
19.9544	2525
19.9544	2525
19.9606	2525
19.9669	2525
19.9669	2525
19.9707	2525
19.9764	2525
19.9764	2525
19.9822	2525
19.986	2525
19.986	2525
19.9918	2525
19.998	2525
19.998	2525
