0.0530974	1	44	1404
0.0559696	2	46	1406
0.0563456	3	47	206
0.0593136	4	50	1406
0.0621856	5	53	1406
0.0625616	6	53	206
0.0655296	7	56	1406
0.0684016	8	59	1406
0.0687776	9	59	206
0.0717456	10	62	1406
0.0746176	11	65	1406
0.0749936	12	62	206
0.0779616	13	65	1406
0.0808336	14	64	1406
0.133702	15	40	206
0.137294	16	43	1406
0.145382	17	43	1406
0.151382	18	41	206
0.15435	19	44	1406
0.15919	20	43	1406
0.160566	21	40	206
0.16503	22	44	1406
0.16803	23	44	1406
0.169438	24	41	206
0.172406	25	44	1406
0.17603	26	44	1406
0.177438	27	41	206
0.180406	28	44	1406
0.18403	29	44	1406
0.184438	30	41	206
0.18803	31	44	1406
0.19203	32	44	1406
0.192438	33	41	206
0.19603	34	44	1406
0.19903	35	44	1406
0.200438	36	41	206
0.20403	37	44	1406
0.207374	38	44	1406
0.210622	39	43	206
0.21359	40	46	1406
0.216462	41	45	1406
0.216838	42	41	206
0.219806	43	44	1406
0.22555	44	47	1406
0.225926	45	44	206
0.228894	46	47	1406
0.231766	47	47	1406
0.232142	48	45	206
0.23511	49	48	1406
0.238454	50	48	1406
0.241702	51	47	206
0.24467	52	50	1406
0.250414	53	53	1406
0.25079	54	51	206
0.253758	55	53	1406
0.259974	56	56	1406
0.26035	57	55	206
0.263318	58	57	1406
0.26619	59	58	1406
0.269438	60	58	206
0.272406	61	60	1406
0.27575	62	61	1406
0.278998	63	61	206
0.281966	64	64	1406
0.284838	65	64	1406
0.288088	66	65	207
0.291058	67	68	1407
0.297276	68	71	1407
0.297654	69	68	207
0.300624	70	71	1407
0.303498	71	71	1407
0.306748	72	71	207
0.309718	73	74	1407
0.312592	74	74	1407
0.316314	75	75	207
0.319284	76	78	1407
0.322158	77	78	1407
0.325408	78	78	207
0.328378	79	81	1407
0.331724	80	81	1407
0.334974	81	81	207
0.337944	82	84	1407
0.34369	83	87	1407
0.344068	84	85	207
0.347038	85	88	1407
0.349912	86	89	1407
0.353634	87	88	207
0.356604	88	91	1407
0.359478	89	93	1407
0.362728	90	94	207
0.365698	91	97	1407
0.368572	92	99	1407
0.36895	93	97	207
0.37192	94	100	1407
0.374794	95	102	1407
0.375644	96	100	207
0.378614	97	103	1407
0.38436	98	108	1407
0.384738	99	106	207
0.387708	100	109	1407
0.390582	101	111	1407
0.393832	102	109	207
0.396802	103	112	1407
0.399676	104	114	1407
0.403398	105	113	207
0.406368	106	116	1407
0.409242	107	118	1407
0.412492	108	119	207
0.415462	109	122	1407
0.418336	110	124	1407
0.422058	111	122	207
0.425028	112	125	1407
0.427902	113	126	1407
0.431152	114	128	207
0.434122	115	131	1407
0.436996	116	132	1407
0.437374	117	131	207
0.440344	118	134	1407
0.443218	119	136	1407
0.44694	120	134	207
0.44991	121	137	1407
0.455656	122	142	1407
0.456034	123	141	207
0.459004	124	144	1407
0.461878	125	145	1407
0.4656	126	143	207
0.46857	127	146	1407
0.471444	128	148	1407
0.471822	129	147	207
0.474792	130	149	1407
0.480538	131	154	1407
0.480916	132	149	207
0.483886	133	152	1407
0.490104	134	158	1407
0.493354	135	156	207
0.496324	136	159	1407
0.499198	137	161	1407
0.499576	138	159	207
0.502546	139	162	1407
0.508764	140	167	1407
0.509142	141	166	207
0.512112	142	169	1407
0.514986	143	170	1407
0.518236	144	169	207
0.521206	145	172	1407
0.52408	146	174	1407
0.527802	147	175	207
0.530772	148	178	1407
0.533646	149	180	1407
0.536896	150	177	207
0.539866	151	180	1407
0.54274	152	182	1407
0.543118	153	181	207
0.546088	154	184	1407
0.548962	155	185	1407
0.552684	156	184	207
0.555654	157	187	1407
0.558528	158	189	1407
0.558906	159	187	207
0.561876	160	190	1407
0.56475	161	192	1407
0.568	162	190	207
0.57097	163	192	1407
0.573844	164	194	1407
0.574222	165	191	207
0.577192	166	194	1407
0.580066	167	196	1407
0.583792	168	196	207
0.586762	169	199	1407
0.589636	170	201	1407
0.590014	171	200	207
0.592984	172	202	1407
0.595858	173	204	1407
0.59911	174	203	207
0.60208	175	206	1407
0.604954	176	205	1407
0.60868	177	203	207
0.61165	178	206	1407
0.614524	179	206	1407
0.614902	180	202	207
0.617872	181	205	1407
0.62362	182	209	1407
0.623998	183	205	207
0.626968	184	208	1407
0.63319	185	209	1407
0.633568	186	206	207
0.636538	187	209	1407
0.639412	188	209	1407
0.642664	189	206	207
0.645634	190	209	1407
0.648508	191	209	1407
0.652234	192	206	207
0.655204	193	209	1407
0.658078	194	209	1407
0.658456	195	203	207
0.661426	196	206	1407
0.6643	197	206	1407
0.667552	198	202	207
0.670522	199	205	1407
0.673396	200	206	1407
0.677122	201	203	207
0.680092	202	206	1407
0.682966	203	205	1407
0.683344	204	203	207
0.686314	205	206	1407
0.692062	206	209	1407
0.695788	207	205	207
0.698758	208	208	1407
0.707854	209	212	1407
0.708232	210	209	207
0.711202	211	212	1407
0.71695	212	215	1407
0.720676	213	212	207
0.723646	214	215	1407
0.729394	215	218	1407
0.73312	216	219	207
0.73609	218	216	1407
0.736468	219	213	207
0.739438	220	216	1407
0.748534	221	218	1407
0.751786	222	215	207
0.754756	223	218	1407
0.758482	225	216	207
0.761452	226	219	1407
0.768052	228	216	207
0.771022	229	219	1407
0.773896	230	218	1407
0.780496	231	219	207
0.783466	233	219	1407
0.790066	234	220	207
0.793036	236	220	1407
0.796762	237	217	207
0.799732	238	220	1407
0.802606	239	220	1407
0.805858	240	219	207
0.80968	243	214	207
0.81265	244	217	1407
0.818398	245	220	1407
0.818776	246	217	207
0.821746	247	220	1407
0.82462	248	220	1407
0.828346	249	217	207
0.831316	250	220	1407
0.83419	251	221	1407
0.837442	252	220	207
0.840412	254	220	1407
0.84079	255	214	207
0.843762	256	217	1408
0.846638	257	217	1408
0.850366	258	217	208
0.853338	259	220	1408
0.856214	260	221	1408
0.856594	261	214	208
0.859566	262	217	1408
0.862442	263	217	1408
0.865696	264	214	208
0.868668	265	217	1408
0.871544	266	217	1408
0.871924	267	214	208
0.874896	268	217	1408
0.88112	269	218	1408
0.8815	270	214	208
0.884472	271	217	1408
0.887348	272	214	1408
0.887728	273	211	208
0.8907	274	214	1408
0.89645	275	217	1408
0.89683	276	211	208
0.899802	277	214	1408
0.906026	278	218	1408
0.906406	279	211	208
0.909378	280	214	1408
0.912254	281	214	1408
0.915508	282	214	208
0.91848	283	217	1408
0.921356	284	217	1408
0.925084	285	215	208
0.928056	286	218	1408
0.930932	287	217	1408
0.931312	288	211	208
0.934284	289	214	1408
0.940034	290	217	1408
0.940414	291	214	208
0.943386	292	217	1408
0.94961	293	217	1408
0.94999	294	211	208
0.952962	295	214	1408
0.958712	296	211	1408
0.959092	297	208	208
0.962064	298	211	1408
0.968288	299	211	1408
0.968668	300	205	208
0.97164	301	208	1408
0.97739	302	208	1408
0.98362	303	207	1411
0.984	304	207	208
0.986972	305	209	1408
0.989848	306	210	1408
0.99645	307	208	208
0.999422	308	211	1408
1.00517	309	211	1408
1.00805	310	210	1411
1.01178	311	210	208
1.01475	312	213	1408
1.02051	313	212	1411
1.02339	314	212	1408
1.02711	315	213	208
1.03009	316	216	1408
1.03584	317	212	1411
1.03872	318	214	1408
1.04782	319	214	1411
1.0482	320	214	208
1.05117	321	217	1408
1.0574	322	218	1408
1.05778	323	215	208
1.06075	324	218	1408
1.06985	325	220	1411
1.07933	328	221	208
1.09272	334	218	208
1.10767	337	217	1408
1.11762	338	216	208
1.12059	339	217	1408
1.12634	340	212	1408
1.13007	341	205	208
1.13304	342	206	1408
1.13879	343	200	1408
1.14252	344	193	208
1.14549	345	195	1408
1.15459	346	193	1408
1.15497	347	182	208
1.16081	348	186	1408
1.16704	349	182	1408
1.17029	350	174	208
1.17326	351	176	1408
1.17949	352	171	1408
1.18274	353	163	208
1.18571	354	164	1408
1.19194	355	159	1408
1.19854	356	155	208
1.20151	357	157	1408
1.21061	358	155	1408
1.21386	359	147	208
1.21683	360	148	1408
1.22593	361	146	1408
1.22966	362	139	208
1.23551	363	143	1408
1.24173	364	138	1408
1.24833	365	135	208
1.2513	366	136	1408
1.26041	367	134	1411
1.26616	368	129	1411
1.27527	369	127	1411
1.28772	370	126	1411
1.30055	371	127	211
1.3064	372	131	1411
1.32461	373	136	1411
1.33706	374	143	1411
1.34281	375	143	1411
1.35526	376	150	1408
1.36186	377	150	208
1.36483	378	152	1408
1.37393	379	155	1408
1.37719	380	154	208
1.38016	381	156	1408
1.38639	382	156	1408
1.393	383	156	208
1.39597	384	158	1408
1.40507	385	162	1408
1.40833	386	160	208
1.4113	387	162	1408
1.41753	388	162	1408
1.42078	389	159	208
1.42711	390	165	1408
1.42998	391	161	1408
1.43324	392	161	208
1.43621	393	163	1408
1.44532	394	168	1408
1.45192	395	170	208
1.4549	396	172	1408
1.46112	397	175	1408
1.46773	398	176	208
1.4707	399	179	1408
1.47646	400	180	1408
1.48019	401	180	208
1.48316	402	182	1408
1.48891	403	183	1408
1.48929	404	180	208
1.49562	405	185	1408
1.50137	406	187	1408
1.5051	407	186	208
1.50807	408	189	1408
1.51095	409	186	1408
1.51756	410	189	208
1.52053	411	191	1408
1.5234	412	190	1408
1.53001	413	193	208
1.53298	414	194	1408
1.53586	415	193	1408
1.53912	416	192	208
1.54209	417	195	1408
1.55119	418	199	1408
1.55157	419	195	208
1.55454	420	197	1408
1.56077	421	199	1408
1.56738	422	202	208
1.57035	423	204	1408
1.5761	424	206	1408
1.57984	425	204	208
1.58281	426	207	1408
1.58856	427	208	1408
1.59517	428	211	208
1.59814	429	213	1408
1.60437	430	215	1408
1.60762	431	214	208
1.6106	432	216	1408
1.61682	433	218	1408
1.62056	434	217	208
1.62353	435	220	1408
1.62928	436	221	1408
1.63014	437	218	208
1.63311	438	220	1408
1.63598	439	218	1408
1.63972	440	217	208
1.64269	441	220	1408
1.65217	443	221	208
1.65935	446	219	208
1.66941	449	219	208
1.67238	450	222	1408
1.67813	451	223	1408
1.69097	455	219	208
1.70438	458	219	208
1.71405	460	220	1408
1.72066	461	219	208
1.72986	463	219	1408
1.73359	464	217	208
1.73656	465	220	1408
1.747	467	218	208
1.74997	468	220	1408
1.75332	469	218	1408
1.75706	470	216	208
1.76003	471	219	1408
1.76664	473	214	208
1.76961	474	217	1408
1.77871	475	218	1408
1.77909	476	215	208
1.78206	477	218	1408
1.79117	478	218	1408
1.79155	479	214	208
1.79452	480	217	1408
1.80027	481	218	1408
1.804	482	213	208
1.80698	483	215	1408
1.81273	484	217	1408
1.81646	485	216	208
1.81943	486	219	1408
1.82854	487	218	1408
1.82892	488	212	208
1.83189	489	215	1408
1.83764	490	215	1408
1.84425	491	216	208
1.84722	492	219	1408
1.85345	493	215	1408
1.8567	494	212	208
1.85968	495	215	1408
1.8659	496	215	1408
1.86916	497	213	208
1.87213	498	216	1408
1.87836	499	215	1408
1.88162	500	212	208
1.88459	501	215	1408
1.89082	502	217	1408
1.89407	503	216	208
1.89704	504	219	1408
1.90327	505	220	1408
1.90903	506	217	1411
1.91276	507	216	208
1.91862	508	219	1411
1.92438	509	221	1411
1.92773	510	220	1408
1.93061	511	218	1411
1.93638	512	220	1411
1.94214	513	222	1408
1.94252	514	217	208
1.94549	515	220	1408
1.94923	516	218	211
1.9522	517	221	1411
1.95797	518	221	1411
1.97044	520	222	1411
1.97332	521	219	1411
1.98003	522	222	1408
1.99251	523	223	1411
1.99289	524	219	208
2.00833	527	221	1411
2.00871	528	217	208
2.01216	529	220	1408
2.01503	530	219	1408
2.01541	531	215	208
2.02174	532	220	1408
2.02796	534	217	1408
2.0341	535	216	208
2.03707	536	219	1408
2.04992	538	218	208
2.05578	540	220	1408
2.05663	541	216	208
2.0596	542	219	1408
2.06536	543	218	1408
2.06574	544	213	208
2.06871	545	216	1408
2.07494	546	215	1408
2.09065	547	160	208
2.09362	548	163	1408
2.09697	549	159	1408
2.10023	550	157	208
2.1032	551	160	1408
2.10608	552	156	1408
2.10933	553	151	208
2.1123	554	154	1408
2.11566	555	151	1408
2.11891	556	147	208
2.12188	557	150	1408
2.12476	558	146	1408
2.12802	559	144	208
2.13099	560	145	1408
2.13434	561	143	1408
2.1376	562	140	208
2.14057	563	142	1408
2.14344	564	139	1408
2.1467	565	136	208
2.14968	566	138	1411
2.15255	567	135	1408
2.15831	568	135	1408
2.15869	569	129	208
2.16455	570	134	1408
2.16742	571	131	1408
2.1678	572	125	208
2.17366	573	130	1408
2.17654	574	127	1411
2.17942	575	124	1411
2.18566	576	124	1408
2.18854	577	120	1411
2.1918	578	117	208
2.19478	579	119	1408
2.19765	580	116	1408
2.20091	581	113	208
2.20389	582	115	1408
2.20677	583	112	1411
2.21253	584	112	1411
2.21541	585	109	1408
2.21867	586	106	208
2.22164	587	108	1408
2.22452	588	105	1408
2.22778	589	102	208
2.23075	590	104	1408
2.23651	591	104	1408
2.23689	592	98	208
2.24034	593	101	1408
2.24898	594	103	1408
2.25225	595	101	208
2.2581	596	106	1408
2.26386	597	105	1408
2.26712	598	103	208
2.27297	599	107	1408
2.27873	600	107	1408
2.28199	601	104	208
2.28785	602	109	1408
2.29361	603	109	1408
2.29975	604	108	208
2.30272	605	111	1408
2.30848	606	110	1408
2.31174	607	107	208
2.31519	608	110	1408
2.32382	609	112	1408
2.32755	610	110	208
2.33052	611	112	1408
2.33963	612	115	1408
2.34288	613	112	208
2.34585	614	114	1408
2.35208	615	115	1408
2.35581	616	112	208
2.36166	617	117	1408
2.36741	618	117	1408
2.37115	619	115	208
2.37699	620	119	1408
2.38322	621	120	1408
2.38648	622	117	208
2.38993	623	119	1408
2.39855	624	122	1408
2.40229	625	120	208
2.40526	626	122	1408
2.41101	627	122	1408
2.41762	628	122	208
2.42059	629	124	1408
2.42682	630	124	1408
2.43055	631	122	208
2.4364	632	127	1408
2.44215	633	127	1408
2.44588	634	124	208
2.44885	635	126	1408
2.45796	636	129	1408
2.46121	637	127	208
2.46419	638	129	1408
2.47041	639	129	1408
2.47367	640	126	208
2.47712	641	129	1408
2.48575	642	131	1408
2.48948	643	128	208
2.49245	644	131	1408
2.50155	645	133	1408
2.50481	646	130	208
2.50778	647	133	1408
2.51401	648	133	1408
2.51727	649	130	208
2.52359	650	135	1408
2.52934	651	135	1408
2.53307	652	133	208
2.53605	653	135	1408
2.5418	654	134	1408
2.54553	655	132	208
2.55138	656	137	1408
2.55761	657	137	1408
2.56086	658	134	208
2.56383	659	136	1408
2.57006	660	137	1408
2.57379	661	134	208
2.57964	662	139	1408
2.58539	663	139	1408
2.58913	664	137	208
2.5921	665	139	1408
2.6012	666	142	1408
2.60446	667	139	208
2.60743	668	141	1408
2.61366	669	141	1408
2.61691	670	138	208
2.62324	671	144	1408
2.62899	672	143	1408
2.63272	673	141	208
2.63569	674	143	1408
2.64145	675	143	1408
2.64805	676	144	208
2.65103	677	146	1408
2.65725	678	146	1408
2.66051	679	143	208
2.66348	680	145	1408
2.66971	681	145	1408
2.67632	682	145	208
2.67929	683	148	1408
2.68504	684	148	1408
2.68877	685	144	208
2.69462	686	150	1408
2.70085	687	149	1408
2.70411	688	147	208
2.70708	689	149	1408
2.71331	690	149	1408
2.71991	691	149	208
2.72289	692	151	1408
2.72864	693	151	1408
2.73237	694	149	208
2.73534	695	151	1408
2.74445	696	154	1408
2.7477	697	151	208
2.75067	698	153	1408
2.7569	699	153	1408
2.76016	700	151	208
2.76313	701	153	1408
2.77223	702	156	1408
2.77597	703	153	208
2.77894	704	155	1408
2.78469	705	155	1408
2.78842	706	153	208
2.79427	707	158	1408
2.8005	708	158	1408
2.80375	709	155	208
2.80673	710	157	1408
2.81583	711	160	1408
2.81669	712	155	208
2.82253	713	160	1408
2.82829	714	160	1408
2.83202	715	158	208
2.83499	716	159	1408
2.84409	717	163	1408
2.84735	718	160	208
2.85032	719	162	1408
2.85655	720	162	1408
2.85981	721	159	208
2.86613	722	165	1408
2.87188	723	164	1408
2.87561	724	161	208
2.87859	725	164	1408
2.88434	726	163	1408
2.89095	727	163	208
2.89392	728	165	1408
2.90015	729	166	1408
2.9034	730	163	208
2.90685	731	165	1408
2.91548	732	168	1408
2.91921	733	166	208
2.92218	734	168	1408
2.92793	735	167	1408
2.93454	736	168	208
2.93751	737	170	1408
2.94374	738	170	1408
2.947	739	167	208
2.94997	740	169	1408
2.9562	741	170	1408
2.96281	742	170	208
2.96578	743	172	1408
2.97153	744	172	1408
2.97526	745	170	208
2.97823	746	172	1408
2.98734	747	175	1408
2.99059	748	172	208
2.99357	749	174	1408
2.99979	750	174	1408
3.00305	751	172	208
3.00937	752	177	1408
3.01513	753	177	1408
3.01886	754	174	208
3.02183	755	176	1408
3.02758	756	176	1408
3.03419	757	177	208
3.03716	758	179	1408
3.04339	759	179	1408
3.04665	760	176	208
3.04962	761	178	1408
3.05585	762	178	1408
3.06245	763	178	208
3.06543	764	181	1408
3.07118	765	180	1408
3.07491	766	177	208
3.07788	767	180	1408
3.08699	768	182	1408
3.09024	769	180	208
3.09321	770	182	1408
3.09944	771	182	1408
3.10605	772	183	208
3.10902	773	185	1408
3.11477	774	184	1408
3.11851	775	182	208
3.12148	776	184	1408
3.12723	777	184	1408
3.13384	778	184	208
3.13681	779	186	1408
3.14304	780	187	1408
3.14629	781	184	208
3.14927	782	186	1408
3.15837	783	189	1408
3.1621	784	187	208
3.16507	785	189	1408
3.17083	786	188	1408
3.17456	787	186	208
3.17753	788	188	1408
3.18663	789	191	1408
3.18989	790	188	208
3.19286	791	190	1408
3.19909	792	191	1408
3.2057	793	191	208
3.20867	794	193	1408
3.21442	795	193	1408
3.21815	796	191	208
3.22113	797	193	1408
3.23023	798	196	1408
3.23349	799	193	208
3.23646	800	195	1408
3.24269	801	195	1408
3.24642	802	192	208
3.24939	803	195	1408
3.25802	804	198	1408
3.26175	805	194	208
3.26472	806	197	1408
3.27095	807	196	1408
3.27708	808	197	208
3.28005	809	199	1408
3.28628	810	199	1408
3.28954	811	196	208
3.29299	812	198	1408
3.30161	813	201	1408
3.30535	814	199	208
3.30832	815	201	1408
3.31407	816	201	1408
3.3178	817	198	208
3.32365	818	203	1408
3.32988	819	203	1408
3.33313	820	201	208
3.33611	821	203	1408
3.34233	822	203	1408
3.34894	823	203	208
3.35191	824	205	1408
3.35767	825	205	1408
3.3614	826	203	208
3.36437	827	205	1408
3.3706	828	205	1408
3.37673	829	205	208
3.3797	830	207	1408
3.38593	831	207	1408
3.38919	832	205	208
3.39216	833	207	1408
3.40126	834	210	1408
3.40499	835	206	208
3.40797	836	209	1408
3.41372	837	208	1408
3.42033	838	209	208
3.4233	839	212	1408
3.42953	840	211	1408
3.43613	841	210	208
3.43911	842	213	1408
3.44486	843	212	1408
3.44859	844	209	208
3.45156	845	212	1408
3.46067	846	212	1408
3.46392	847	209	208
3.46689	848	212	1408
3.47312	849	212	1408
3.47973	850	209	208
3.4827	851	212	1408
3.48893	852	212	1408
3.49506	853	212	208
3.49803	854	215	1408
3.50426	855	214	1408
3.51087	856	212	208
3.51384	857	215	1408
3.51959	858	215	1408
3.52333	859	212	208
3.5263	860	215	1408
3.5354	861	215	1408
3.53913	862	213	208
3.54211	863	216	1408
3.55073	864	217	1408
3.55447	865	213	208
3.55744	866	216	1408
3.56654	867	218	1408
3.5698	868	215	208
3.57277	869	218	1408
3.58187	870	218	1408
3.58561	871	216	208
3.58858	872	219	1408
3.59433	873	218	1408
3.60094	874	218	208
3.60726	876	215	1408
3.61387	877	215	208
3.61684	878	218	1408
3.62259	879	217	1408
3.62633	880	215	208
3.6293	881	217	1408
3.6384	882	219	1408
3.64166	883	215	208
3.64463	884	218	1408
3.65086	885	218	1408
3.65747	886	216	208
3.66044	887	219	1408
3.66619	888	218	1408
3.6728	889	218	208
3.682	891	218	1408
3.68573	892	216	208
3.6887	893	219	1408
3.69493	894	215	1408
3.70106	895	216	208
3.70403	896	219	1408
3.71026	897	218	1408
3.71687	898	216	208
3.71984	899	219	1408
3.72559	900	219	1408
3.72933	901	216	208
3.7323	902	219	1408
3.7414	903	219	1408
3.74513	904	216	208
3.74811	905	219	1408
3.75386	906	215	1408
3.75759	907	213	208
3.76056	908	216	1408
3.76967	909	216	1408
3.77627	910	217	208
3.77925	911	220	1408
3.785	912	218	1408
3.79161	913	216	208
3.79458	914	219	1408
3.80081	915	218	1408
3.80741	916	217	208
3.81039	917	220	1408
3.81614	918	219	1408
3.82275	919	216	208
3.82572	920	219	1408
3.83195	921	219	1408
3.83855	922	217	208
3.84153	923	220	1408
3.84728	924	219	1408
3.85101	925	217	208
3.85398	926	219	1408
3.86309	927	216	1411
3.86932	928	216	1408
3.87258	929	213	208
3.8789	930	218	1408
3.88465	931	218	1408
3.88838	932	216	208
3.89136	933	218	1408
3.89711	934	218	1408
3.90372	935	218	208
3.90669	936	220	1408
3.91292	937	220	1408
3.91617	938	216	208
3.91914	939	219	1408
3.93783	941	215	1411
3.94109	942	213	208
3.94406	943	216	1408
3.95029	944	215	1408
3.95402	945	213	208
3.95987	946	217	1408
3.96562	947	217	1408
3.96935	948	215	208
3.97233	949	217	1408
3.98143	950	220	1408
3.98469	951	217	208
3.98766	952	219	1408
3.99389	953	219	1408
3.99427	954	213	208
3.99724	955	216	1408
4.00347	956	218	1408
4.00672	957	217	208
4.00969	958	220	1408
4.0163	960	219	208
4.01975	962	218	1408
4.02301	963	218	208
4.02885	965	219	1408
4.03259	966	219	208
4.03556	967	221	1408
4.03843	968	220	1408
4.03881	969	217	208
4.04226	970	220	1408
4.04514	971	219	1408
4.04839	972	219	208
4.05137	973	221	1408
4.05424	974	220	1408
4.05797	975	219	208
4.06095	976	222	1408
4.06382	977	221	1408
4.06468	978	218	208
4.06765	979	221	1408
4.07053	980	220	1408
4.07378	981	219	208
4.07675	982	221	1408
4.07963	983	221	1408
4.08289	984	220	208
4.08586	985	222	1408
4.08873	986	221	1408
4.08959	987	219	208
4.09544	989	220	1408
4.09582	990	217	208
4.09879	991	219	1408
4.10214	992	219	1408
4.10827	993	221	208
4.11125	995	220	1408
4.11498	996	219	208
4.11881	999	215	208
4.12465	1001	217	1408
4.12791	1002	216	208
4.13088	1003	218	1408
4.14084	1005	216	208
4.14381	1006	219	1408
4.14957	1007	218	1408
4.1533	1008	216	208
4.15628	1009	219	1408
4.1649	1010	218	1408
4.16864	1011	215	208
4.17161	1012	218	1408
4.17784	1013	218	1408
4.18982	1014	212	1411
4.19355	1015	213	208
4.19653	1016	215	1408
4.1994	1017	214	1408
4.20601	1018	216	208
4.20898	1019	218	1408
4.21473	1020	215	1408
4.21847	1021	213	208
4.22144	1022	216	1408
4.23054	1023	218	1408
4.2338	1024	212	208
4.23677	1025	215	1408
4.24587	1026	218	1408
4.24961	1027	216	208
4.25258	1028	219	1408
4.25833	1029	221	1408
4.26206	1030	219	208
4.26503	1031	222	1408
4.27079	1032	221	1408
4.27414	1033	218	1411
4.29859	1034	207	1411
4.30435	1035	208	1411
4.30808	1036	207	208
4.31105	1037	210	1408
4.31681	1038	210	1408
4.32054	1039	208	208
4.32351	1040	211	1408
4.32926	1041	212	1408
4.33299	1042	210	208
4.33597	1043	212	1408
4.34172	1044	213	1408
4.34786	1045	214	208
4.35083	1046	216	1408
4.3566	1047	217	1411
4.36571	1048	214	1411
4.37435	1049	216	1411
4.37772	1050	214	1411
4.38396	1051	214	1411
4.39259	1052	217	1408
4.39835	1053	217	1411
4.40208	1054	216	208
4.40505	1055	218	1408
4.41081	1056	217	1408
4.41454	1057	215	208
4.41751	1058	218	1408
4.42326	1059	218	1408
4.42987	1060	218	208
4.43284	1061	220	1408
4.43907	1062	221	1408
4.43945	1063	216	208
4.44242	1064	218	1408
4.44865	1065	218	1408
4.45526	1066	219	208
4.46111	1068	219	1408
4.46484	1069	215	208
4.46781	1070	218	1408
4.47356	1071	218	1408
4.48018	1072	219	208
4.48315	1073	221	1408
4.4889	1074	218	1408
4.49551	1075	219	208
4.50183	1077	215	1408
4.50556	1078	213	208
4.50854	1079	216	1408
4.51716	1080	219	1408
4.5209	1081	215	208
4.52387	1082	218	1408
4.5301	1083	219	1408
4.53335	1084	216	208
4.5392	1085	221	1408
4.55453	1086	216	1408
4.55826	1087	214	208
4.56124	1088	217	1408
4.56699	1089	215	1408
4.56737	1090	211	208
4.57322	1091	216	1408
4.57945	1092	216	1408
4.58271	1093	213	208
4.58568	1094	216	1408
4.59191	1095	215	1408
4.59516	1096	214	208
4.60149	1097	219	1408
4.60724	1098	217	1408
4.61097	1099	214	208
4.61394	1100	217	1408
4.62305	1101	218	1408
4.62965	1102	215	208
4.63263	1103	218	1408
4.63838	1104	218	1408
4.64211	1105	216	208
4.64508	1106	218	1408
4.65131	1107	219	1408
4.65457	1108	216	208
4.65754	1109	218	1408
4.66377	1110	218	1408
4.66702	1111	217	208
4.66999	1112	218	1408
4.67622	1113	219	1408
4.67995	1114	216	208
4.68293	1115	219	1408
4.6858	1116	213	1408
4.68618	1117	207	208
4.68915	1118	210	1408
4.69203	1119	207	1408
4.69241	1120	201	208
4.69538	1121	203	1408
4.70449	1122	203	1411
4.71024	1123	204	1408
4.71685	1124	204	208
4.71982	1125	206	1408
4.72605	1126	208	1408
4.72931	1127	205	208
4.73228	1128	207	1408
4.73851	1129	207	1408
4.7505	1130	209	1411
4.75376	1131	207	208
4.75673	1132	209	1408
4.76296	1133	209	1408
4.76669	1134	208	208
4.77254	1135	213	1408
4.77829	1136	213	1408
4.78202	1137	211	208
4.78499	1138	213	1408
4.7941	1139	215	1408
4.81604	1140	203	208
4.81901	1141	206	1408
4.82811	1142	208	1408
4.83184	1143	205	208
4.83482	1144	207	1408
4.84057	1145	207	1408
4.84718	1146	206	208
4.85015	1147	209	1408
4.85925	1148	211	1408
4.86298	1149	208	208
4.86596	1150	210	1408
4.87506	1151	212	1408
4.87832	1152	206	208
4.88129	1153	209	1408
4.88752	1154	208	1408
4.89412	1155	209	208
4.8971	1156	211	1408
4.90285	1157	210	1408
4.90658	1158	207	208
4.90955	1159	209	1408
4.91866	1160	212	1408
4.92191	1161	209	208
4.92488	1162	211	1408
4.93111	1163	211	1408
4.93437	1164	208	208
4.93734	1165	210	1408
4.94357	1166	210	1408
4.94971	1167	209	208
4.95268	1168	211	1408
4.95891	1169	211	1408
4.96216	1170	209	208
4.96849	1171	214	1408
4.97424	1172	213	1408
4.97462	1173	207	208
4.97759	1174	209	1408
4.98047	1175	206	1408
4.98373	1176	202	208
4.98718	1177	205	1408
4.99628	1178	208	1408
5.00241	1179	208	208
5.00538	1180	210	1408
5.01161	1181	209	1408
5.01487	1182	206	208
5.02119	1183	212	1408
5.02694	1184	211	1408
5.03068	1185	208	208
5.03365	1186	210	1408
5.03988	1187	210	1408
5.04601	1188	211	208
5.04898	1189	212	1408
5.05521	1190	212	1408
5.06469	1191	205	208
5.06766	1192	208	1408
5.07677	1193	208	1408
5.11452	1194	193	208
5.11749	1195	196	1408
5.12372	1196	195	1408
5.13032	1197	193	208
5.1333	1198	196	1408
5.1424	1199	198	1408
5.14566	1200	195	208
5.14863	1201	197	1408
5.15773	1202	199	1408
5.16146	1203	197	208
5.16444	1204	199	1408
5.17019	1205	199	1408
5.17392	1206	195	208
5.17689	1207	198	1408
5.18264	1208	197	1408
5.18925	1209	197	208
5.19222	1210	200	1408
5.19845	1211	199	1408
5.20506	1212	197	208
5.20803	1213	200	1408
5.21378	1214	198	1408
5.21752	1215	196	208
5.22049	1216	198	1408
5.22624	1217	198	1408
5.22997	1218	194	208
5.23582	1219	199	1408
5.24205	1220	200	1408
5.2453	1221	197	208
5.24828	1222	199	1408
5.2545	1223	198	1408
5.25488	1224	192	208
5.25786	1225	194	1408
5.26361	1226	194	1408
5.27022	1227	194	208
5.27319	1228	196	1408
5.27942	1229	196	1408
5.2798	1230	190	208
5.28564	1231	195	1408
5.29187	1232	194	1408
5.2956	1233	188	208
5.29858	1234	191	1408
5.3072	1235	191	1408
5.32674	1236	169	208
5.32972	1237	172	1408
5.33834	1238	174	1408
5.34208	1239	169	208
5.34505	1240	172	1408
5.35128	1241	169	1408
5.35453	1242	166	208
5.36038	1243	171	1408
5.36661	1244	169	1408
5.37034	1245	166	208
5.37331	1246	169	1408
5.38194	1247	170	1408
5.38567	1248	168	208
5.38864	1249	170	1408
5.39775	1250	173	1408
5.401	1251	169	208
5.40398	1252	171	1408
5.41308	1253	174	1408
5.41681	1254	168	208
5.41978	1255	171	1408
5.42889	1256	173	1408
5.43214	1257	171	208
5.43512	1258	173	1408
5.44134	1259	173	1408
5.44795	1260	172	208
5.45092	1261	174	1408
5.45668	1262	174	1408
5.46041	1263	172	208
5.46338	1264	174	1408
5.47248	1265	176	1408
5.47574	1266	173	208
5.47871	1267	175	1408
5.48494	1268	175	1408
5.49155	1269	175	208
5.49452	1270	177	1408
5.50027	1271	177	1408
5.504	1272	175	208
5.50698	1273	176	1408
5.51608	1274	179	1408
5.51934	1275	176	208
5.52231	1276	178	1408
5.52854	1277	178	1408
5.54137	1278	172	208
5.54434	1279	175	1408
5.55345	1280	175	1408
5.5567	1281	171	208
5.55968	1282	174	1408
5.5659	1283	173	1408
5.57251	1284	172	208
5.57548	1285	175	1408
5.58171	1286	174	1408
5.58784	1287	174	208
5.59082	1288	176	1408
5.59704	1289	175	1408
5.60365	1290	175	208
5.60662	1291	177	1408
5.61285	1292	175	1408
5.61898	1293	174	208
5.62196	1294	177	1408
5.62818	1295	175	1408
5.63479	1296	175	208
5.63776	1297	177	1408
5.64399	1298	175	1408
5.65012	1299	175	208
5.6531	1300	178	1408
5.65932	1301	177	1408
5.66593	1302	174	208
5.6689	1303	177	1408
5.67513	1304	177	1408
5.68126	1305	177	208
5.68424	1306	179	1408
5.69046	1307	178	1408
5.69372	1308	175	208
5.70004	1309	181	1408
5.7058	1310	180	1408
5.70953	1311	175	208
5.7125	1312	178	1408
5.7216	1313	180	1408
5.72486	1314	177	208
5.72783	1315	179	1408
5.73694	1316	180	1408
5.74067	1317	178	208
5.74364	1318	180	1408
5.74939	1319	180	1408
5.75935	1320	175	208
5.76232	1321	178	1408
5.77143	1322	178	1408
5.77468	1323	175	208
5.77813	1324	178	1408
5.78388	1325	177	1408
5.79049	1326	175	208
5.79346	1327	178	1408
5.80257	1328	180	1408
5.80582	1329	175	208
5.8088	1330	178	1408
5.8179	1331	180	1408
5.82451	1332	178	208
5.82748	1333	181	1408
5.83371	1334	180	1408
5.83744	1335	175	208
5.84041	1336	178	1408
5.84904	1337	180	1408
5.85565	1338	178	208
5.85862	1339	181	1408
5.86485	1340	180	1408
5.87146	1341	178	208
5.87443	1342	181	1408
5.88018	1343	180	1408
5.88679	1344	177	208
5.88976	1345	180	1408
5.89599	1346	179	1408
5.9026	1347	178	208
5.90557	1348	181	1408
5.91132	1349	180	1408
5.91793	1350	177	208
5.9209	1351	180	1408
5.92713	1352	180	1408
5.93374	1353	180	208
5.93671	1354	182	1408
5.94246	1355	181	1408
5.94619	1356	179	208
5.95204	1357	184	1408
5.95827	1358	181	1408
5.962	1359	179	208
5.96785	1360	183	1408
5.9736	1361	183	1408
5.98021	1362	178	208
5.98318	1363	181	1408
5.99228	1364	181	1408
5.99602	1365	178	208
5.99899	1366	180	1408
6.00809	1367	183	1408
6.01135	1368	178	208
6.01432	1369	181	1408
6.02342	1370	181	1408
6.02716	1371	179	208
6.03013	1372	181	1408
6.03923	1373	182	1408
6.04584	1374	178	208
6.04881	1375	181	1408
6.05456	1376	180	1408
6.0583	1377	178	208
6.06414	1378	183	1408
6.07037	1379	181	1408
6.07698	1380	178	208
6.07995	1381	181	1408
6.08618	1382	181	1408
6.09231	1383	178	208
6.09528	1384	181	1408
6.10439	1385	183	1408
6.10812	1386	179	208
6.11109	1387	182	1408
6.11732	1388	181	1408
6.12345	1389	178	208
6.12642	1390	181	1408
6.13553	1391	183	1408
6.13926	1392	178	208
6.14223	1393	181	1408
6.15134	1394	183	1408
6.15507	1395	179	208
6.15804	1396	182	1408
6.16667	1397	183	1408
6.17328	1398	181	208
6.17625	1399	184	1408
6.18248	1400	183	1408
6.18908	1401	182	208
6.19206	1402	185	1408
6.19781	1403	183	1408
6.20442	1404	181	208
6.20739	1405	184	1408
6.21649	1406	184	1408
6.22022	1407	181	208
6.2232	1408	184	1408
6.2323	1409	184	1408
6.23556	1410	181	208
6.23853	1411	183	1408
6.24763	1412	184	1408
6.25136	1413	181	208
6.25434	1414	184	1408
6.26344	1415	184	1408
6.27005	1416	182	208
6.27302	1417	185	1408
6.27877	1418	183	1408
6.28538	1419	181	208
6.28835	1420	184	1408
6.29458	1421	183	1408
6.30119	1422	181	208
6.30416	1423	184	1408
6.30991	1424	182	1408
6.31652	1425	181	208
6.31949	1426	184	1408
6.3286	1427	184	1408
6.33233	1428	181	208
6.3353	1429	184	1408
6.34105	1430	183	1408
6.34766	1431	181	208
6.35063	1432	184	1408
6.35974	1433	184	1408
6.36347	1434	181	208
6.36644	1435	184	1408
6.37554	1436	184	1408
6.3788	1437	180	208
6.38177	1438	183	1408
6.39088	1439	184	1408
6.39748	1440	181	208
6.40046	1441	184	1408
6.40668	1442	183	1408
6.41329	1443	181	208
6.41626	1444	184	1408
6.42537	1445	186	1408
6.42862	1446	181	208
6.4316	1447	184	1408
6.4407	1448	184	1408
6.44443	1449	181	208
6.4474	1450	184	1408
6.45651	1451	184	1408
6.46024	1452	182	208
6.46609	1453	187	1408
6.47184	1454	184	1408
6.47557	1455	181	208
6.47854	1456	184	1408
6.48765	1457	184	1408
6.49426	1458	181	208
6.49723	1459	184	1408
6.50633	1460	186	1408
6.50959	1461	181	208
6.51256	1462	184	1408
6.52166	1463	186	1408
6.5254	1464	181	208
6.52837	1465	184	1408
6.53747	1466	186	1408
6.5412	1467	182	208
6.54418	1468	185	1408
6.5528	1469	184	1408
6.55941	1470	184	208
6.56238	1471	187	1408
6.56861	1472	186	1408
6.57522	1473	185	208
6.57819	1474	188	1408
6.58442	1475	185	1408
6.59055	1476	184	208
6.59352	1477	187	1408
6.60263	1478	187	1408
6.60636	1479	185	208
6.60933	1480	187	1408
6.61844	1481	188	1408
6.62504	1482	185	208
6.62802	1483	188	1408
6.63377	1484	186	1408
6.64038	1485	184	208
6.64335	1486	187	1408
6.65245	1487	187	1408
6.65618	1488	185	208
6.65916	1489	187	1408
6.66826	1490	188	1408
6.67152	1491	184	208
6.67449	1492	187	1408
6.68359	1493	187	1408
6.6902	1494	184	208
6.69317	1495	187	1408
6.6994	1496	186	1408
6.70266	1497	183	208
6.70563	1498	185	1408
6.71473	1499	187	1408
6.72134	1500	184	208
6.72431	1501	187	1408
6.73342	1502	187	1408
6.73715	1503	185	208
6.74012	1504	187	1408
6.74922	1505	188	1408
6.75248	1506	184	208
6.75545	1507	187	1408
6.76456	1508	187	1408
6.76829	1509	184	208
6.77126	1510	187	1408
6.78036	1511	188	1408
6.78697	1512	184	208
6.78994	1513	187	1408
6.7957	1514	186	1408
6.8023	1515	184	208
6.80528	1516	187	1408
6.8115	1517	186	1408
6.81811	1518	185	208
6.82108	1519	188	1408
6.83019	1520	188	1408
6.83344	1521	186	208
6.83642	1522	188	1408
6.84264	1523	188	1408
6.8459	1524	186	208
6.84887	1525	188	1408
6.85798	1526	191	1408
6.86171	1527	189	208
6.86468	1528	192	1408
6.87043	1529	192	1408
6.87416	1530	190	208
6.88001	1531	195	1408
6.88624	1532	194	1408
6.8895	1533	192	208
6.89247	1534	193	1408
6.90157	1535	193	1408
6.9053	1536	192	208
6.90828	1537	194	1408
6.91738	1538	194	1408
6.92064	1539	190	208
6.92696	1540	193	1408
6.93271	1541	193	1408
6.93644	1542	192	208
6.94229	1543	197	1408
6.94852	1544	194	1408
6.95513	1545	194	208
6.9581	1546	194	1408
6.9672	1547	194	1408
6.97046	1548	192	208
6.97343	1549	193	1408
6.98254	1550	193	1408
6.98627	1551	192	208
6.99212	1552	197	1408
6.99834	1553	194	1408
7.0016	1554	192	208
7.00792	1555	196	1408
7.01368	1556	193	1408
7.02028	1557	193	208
7.02326	1558	193	1408
7.03236	1559	197	1408
7.03609	1560	194	208
7.04194	1561	196	1408
7.04817	1562	197	1408
7.05142	1563	193	208
7.05775	1564	196	1408
7.06398	1565	193	1408
7.06723	1566	193	208
7.07308	1567	197	1408
7.07931	1568	197	1408
7.08256	1569	196	208
7.08554	1570	197	1408
7.09464	1571	196	1408
7.09837	1572	196	208
7.10134	1573	197	1408
7.11045	1574	200	1408
7.11083	1575	196	208
7.11715	1576	197	1408
7.12578	1577	199	1408
7.12951	1578	199	208
7.13248	1579	200	1408
7.14159	1580	200	1408
7.14197	1581	196	208
7.14782	1582	199	1408
7.15692	1583	199	1408
7.16065	1584	199	208
7.1665	1585	199	1408
7.17273	1586	200	1408
7.17598	1587	199	208
7.18231	1588	200	1408
7.18806	1589	200	1408
7.19179	1590	196	208
7.19764	1591	199	1408
7.20674	1592	199	1408
7.2076	1593	196	208
7.21345	1594	200	1408
7.22255	1595	200	1408
7.22293	1596	196	208
7.23213	1597	200	1408
7.23788	1598	199	1408
7.24162	1599	199	208
7.24746	1600	199	1408
7.25369	1601	200	1408
7.25695	1602	196	208
7.26327	1603	200	1408
7.27238	1604	200	1408
7.27276	1605	196	208
7.28196	1606	199	1408
7.28771	1607	199	1408
7.29144	1608	199	208
7.29729	1609	200	1408
7.30352	1610	199	1408
7.30677	1611	195	208
7.3131	1612	200	1408
7.31885	1613	198	1408
7.32546	1614	197	208
7.32843	1615	199	1408
7.33466	1616	198	1408
7.34126	1617	197	208
7.34424	1618	199	1408
7.35334	1619	200	1408
7.3566	1620	196	208
7.35957	1621	198	1408
7.36867	1622	199	1408
7.3724	1623	196	208
7.37825	1624	200	1408
7.38448	1625	199	1408
7.38821	1626	195	208
7.39406	1627	200	1408
7.39694	1628	197	1408
7.40354	1629	198	208
7.40652	1630	200	1408
7.41227	1631	200	1408
7.416	1632	199	208
7.42185	1633	199	1408
7.42808	1634	200	1408
7.43133	1635	198	208
7.43766	1636	200	1408
7.44676	1637	200	1408
7.45002	1638	199	208
7.45299	1639	199	1408
7.46209	1640	200	1408
7.46582	1641	198	208
7.47167	1642	199	1408
7.4779	1643	200	1408
7.48116	1644	198	208
7.48748	1645	200	1408
7.49323	1646	200	1408
7.49696	1647	198	208
7.50281	1648	199	1408
7.51192	1649	199	1408
7.51565	1650	198	208
7.5215	1651	199	1408
7.52772	1652	200	1408
7.53098	1653	197	208
7.5373	1654	200	1408
7.54306	1655	200	1408
7.55302	1656	195	208
7.55886	1657	193	1408
7.56509	1658	195	1408
7.5717	1659	195	208
7.57467	1660	193	1408
7.58042	1661	194	1408
7.58703	1662	194	208
7.59336	1663	197	1408
7.59623	1664	195	1408
7.60284	1665	194	208
7.60869	1666	196	1408
7.61492	1667	196	1408
7.61817	1668	194	208
7.6245	1669	196	1408
7.63025	1670	196	1408
7.63398	1671	194	208
7.63983	1672	196	1408
7.64318	1673	195	1408
7.64931	1674	195	208
7.65228	1675	196	1408
7.65851	1676	197	1408
7.66224	1677	194	208
7.66809	1678	197	1408
7.67384	1679	196	1408
7.68045	1680	194	208
7.68678	1681	196	1408
7.68965	1682	194	1408
7.69626	1683	194	208
7.70211	1684	197	1408
7.70834	1685	197	1408
7.71159	1686	193	208
7.71792	1687	196	1408
7.72367	1688	196	1408
7.7274	1689	194	208
7.73325	1690	196	1408
7.73948	1691	197	1408
7.74608	1692	194	208
7.74906	1693	194	1408
7.75528	1694	194	1408
7.76142	1695	194	208
7.76486	1696	193	1408
7.77349	1697	196	1408
7.77722	1698	194	208
7.78642	1699	193	1408
7.79218	1700	194	1408
7.79591	1701	190	208
7.80511	1702	194	1408
7.81086	1703	194	1408
7.81459	1704	192	208
7.82044	1705	193	1408
7.82667	1706	193	1408
7.82992	1707	191	208
7.83625	1708	194	1408
7.842	1709	194	1408
7.84573	1710	190	208
7.85158	1711	193	1408
7.85781	1712	193	1408
7.86106	1713	191	208
7.86739	1714	193	1408
7.87314	1715	194	1408
7.87687	1716	191	208
7.88272	1717	193	1408
7.88895	1718	194	1408
7.8922	1719	192	208
7.89853	1720	196	1408
7.90428	1721	196	1408
7.90801	1722	195	208
7.91434	1723	194	1408
7.92296	1724	196	1408
7.9267	1725	195	208
7.93254	1726	196	1408
7.93877	1727	196	1408
7.94203	1728	194	208
7.94835	1729	197	1408
7.9541	1730	196	1408
7.95784	1731	194	208
7.96368	1732	196	1408
7.96991	1733	196	1408
7.97317	1734	194	208
7.97949	1735	193	1408
7.98524	1736	194	1408
7.99185	1737	194	208
7.99482	1738	193	1408
8.00105	1739	195	1408
8.00766	1740	194	208
8.01063	1741	193	1408
8.01974	1742	193	1408
8.02634	1743	194	208
8.02932	1744	193	1408
8.03842	1745	193	1408
8.04215	1746	192	208
8.048	1747	194	1408
8.0571	1748	197	1408
8.06036	1749	194	208
8.06668	1750	196	1408
8.07244	1751	196	1408
8.07617	1752	194	208
8.08202	1753	197	1408
8.08824	1754	197	1408
8.09198	1755	194	208
8.09782	1756	196	1408
8.10358	1757	196	1408
8.10731	1758	194	208
8.11316	1759	197	1408
8.11938	1760	197	1408
8.12312	1761	194	208
8.12896	1762	196	1408
8.13472	1763	196	1408
8.13845	1764	194	208
8.1443	1765	196	1408
8.15052	1766	196	1408
8.15713	1767	194	208
8.16298	1768	196	1408
8.16921	1769	197	1408
8.17246	1770	194	208
8.17879	1771	196	1408
8.18454	1772	196	1408
8.18827	1773	194	208
8.19412	1774	197	1408
8.20035	1775	197	1408
8.20408	1776	194	208
8.20993	1777	196	1408
8.21568	1778	196	1408
8.21941	1779	194	208
8.22861	1780	197	1408
8.23149	1781	195	1408
8.2381	1782	196	208
8.24394	1783	196	1408
8.24682	1784	194	1408
8.25343	1785	194	208
8.25975	1786	193	1408
8.2655	1787	194	1408
8.27211	1788	194	208
8.27844	1789	190	1408
8.28754	1790	190	1408
8.29702	1791	191	208
8.3	1792	193	1408
8.30622	1793	194	1408
8.3066	1794	184	208
8.30958	1795	187	1408
8.31245	1796	184	1408
8.31571	1797	178	208
8.31868	1798	181	1408
8.32491	1799	181	1408
8.32816	1800	175	208
8.33114	1801	178	1408
8.33736	1802	178	1408
8.34397	1803	174	208
8.34694	1804	177	1408
8.3527	1805	177	1408
8.35643	1806	172	208
8.3594	1807	175	1408
8.36515	1808	175	1408
8.37176	1809	168	208
8.37473	1810	171	1408
8.38096	1811	171	1408
8.38422	1812	166	208
8.38719	1813	169	1408
8.39342	1814	169	1408
8.40002	1815	166	208
8.403	1816	168	1408
8.40875	1817	168	1408
8.41248	1818	162	208
8.41545	1819	165	1408
8.42456	1820	168	1408
8.43116	1821	163	208
8.43414	1822	166	1408
8.44036	1823	166	1408
8.4465	1824	162	208
8.44947	1825	165	1408
8.45857	1826	168	1408
8.46518	1827	166	208
8.46815	1828	169	1408
8.4715	1829	166	1408
8.48099	1830	162	208
8.48396	1831	165	1408
8.49306	1832	166	1408
8.50255	1833	162	208
8.50552	1834	165	1408
8.51175	1835	165	1408
8.515	1836	163	208
8.51798	1837	164	1408
8.5242	1838	166	1408
8.52794	1839	163	208
8.53378	1840	168	1408
8.53954	1841	169	1408
8.54327	1842	167	208
8.54624	1843	169	1408
8.55199	1844	168	1408
8.55572	1845	167	208
8.5587	1846	169	1408
8.5678	1847	172	1408
8.57106	1848	170	208
8.57403	1849	173	1408
8.58026	1850	173	1408
8.58399	1851	170	208
8.58984	1852	175	1408
8.59559	1853	176	1408
8.59932	1854	174	208
8.60229	1855	176	1408
8.60804	1856	177	1408
8.61178	1857	174	208
8.61475	1858	176	1408
8.62098	1859	176	1408
8.62711	1860	178	208
8.63008	1861	180	1408
8.63631	1862	180	1408
8.64004	1863	176	208
8.64301	1864	179	1408
8.65212	1865	178	1408
8.65825	1866	178	208
8.66122	1867	181	1408
8.67032	1868	181	1408
8.67693	1869	178	208
8.6799	1870	181	1408
8.68613	1871	178	1408
8.68939	1872	176	208
8.69284	1873	178	1408
8.70194	1874	177	1408
8.70807	1875	175	208
8.71104	1876	178	1408
8.7235	1877	178	1408
8.72676	1878	175	208
8.72973	1879	178	1408
8.73596	1880	177	1408
8.74256	1881	178	208
8.74554	1882	181	1408
8.75464	1883	181	1408
8.7579	1884	178	208
8.76087	1885	181	1408
8.7671	1886	181	1408
8.77035	1887	178	208
8.77332	1888	181	1408
8.78243	1889	184	1408
8.78616	1890	179	208
8.78913	1891	182	1408
8.79824	1892	184	1408
8.80149	1893	181	208
8.80446	1894	184	1408
8.81357	1895	184	1408
8.8173	1896	182	208
8.82027	1897	185	1408
8.8265	1898	184	1408
8.83263	1899	184	208
8.8356	1900	187	1408
8.84183	1901	187	1408
8.84509	1902	184	208
8.84806	1903	187	1408
8.85716	1904	187	1408
8.8609	1905	184	208
8.86387	1906	187	1408
8.87297	1907	189	1408
8.87623	1908	184	208
8.8792	1909	187	1408
8.8883	1910	187	1408
8.89491	1911	184	208
8.89788	1912	187	1408
8.90699	1913	186	1408
8.91072	1914	184	208
8.91369	1915	187	1408
8.91944	1916	187	1408
8.92605	1917	184	208
8.92902	1918	187	1408
8.93813	1919	187	1408
8.94474	1920	181	208
8.94771	1921	184	1408
8.95394	1922	184	1408
8.96054	1923	184	208
8.96352	1924	187	1408
8.96974	1925	184	1408
8.97635	1926	182	208
8.97932	1927	185	1408
8.98795	1928	187	1408
8.99168	1929	184	208
8.99466	1930	187	1408
9.00041	1931	187	1408
9.00702	1932	185	208
9.00999	1933	187	1408
9.01622	1934	187	1408
9.02282	1935	184	208
9.0258	1936	187	1408
9.03202	1937	188	1408
9.03816	1938	185	208
9.04113	1939	188	1408
9.04736	1940	187	1408
9.05109	1941	185	208
9.05406	1942	188	1408
9.06269	1943	187	1408
9.0693	1944	188	208
9.07227	1945	191	1408
9.0785	1946	190	1408
9.0851	1947	188	208
9.08808	1948	191	1408
9.09383	1949	190	1408
9.09756	1950	184	208
9.10053	1951	187	1408
9.10964	1952	190	1408
9.11289	1953	184	208
9.11586	1954	187	1408
9.12497	1955	187	1408
9.13158	1956	184	208
9.13455	1957	187	1408
9.14078	1958	187	1408
9.14403	1959	185	208
9.147	1960	187	1408
9.15611	1961	187	1408
9.16272	1962	184	208
9.16569	1963	187	1408
9.17479	1964	187	1408
9.17852	1965	184	208
9.1815	1966	187	1408
9.1906	1967	187	1408
9.19386	1968	184	208
9.19683	1969	187	1408
9.20593	1970	186	1408
9.21254	1971	184	208
9.21551	1972	187	1408
9.22174	1973	187	1408
9.225	1974	184	208
9.22844	1975	187	1408
9.23707	1976	187	1408
9.2408	1977	184	208
9.24378	1978	187	1408
9.25288	1979	187	1408
9.25661	1980	184	208
9.25958	1981	187	1408
9.26821	1982	187	1408
9.27194	1983	184	208
9.27492	1984	187	1408
9.28402	1985	190	1408
9.28728	1986	185	208
9.29025	1987	188	1408
9.29935	1988	187	1408
9.30308	1989	185	208
9.30606	1990	188	1408
9.31516	1991	187	1408
9.31842	1992	185	208
9.32139	1993	187	1408
9.32762	1994	187	1408
9.33422	1995	185	208
9.3372	1996	188	1408
9.34295	1997	187	1408
9.34956	1998	184	208
9.35253	1999	187	1408
9.36163	2000	187	1408
9.36536	2001	185	208
9.36834	2002	188	1408
9.37409	2003	187	1408
9.3807	2004	184	208
9.38367	2005	187	1408
9.39277	2006	187	1408
9.39938	2007	185	208
9.40235	2008	188	1408
9.40858	2009	187	1408
9.41519	2010	185	208
9.41816	2011	188	1408
9.42391	2012	187	1408
9.43052	2013	184	208
9.43349	2014	187	1408
9.4426	2015	187	1408
9.44633	2016	185	208
9.4493	2017	188	1408
9.45505	2018	187	1408
9.46166	2019	184	208
9.46463	2020	187	1408
9.47086	2021	187	1408
9.47747	2022	185	208
9.48044	2023	188	1408
9.48619	2024	187	1408
9.4928	2025	184	208
9.49577	2026	187	1408
9.502	2027	187	1408
9.50861	2028	184	208
9.51158	2029	187	1408
9.51781	2030	187	1408
9.52394	2031	184	208
9.52691	2032	187	1408
9.53314	2033	187	1408
9.53975	2034	184	208
9.54272	2035	187	1408
9.54895	2036	187	1408
9.5522	2037	185	208
9.55805	2038	190	1408
9.56428	2039	187	1408
9.56801	2040	185	208
9.57098	2041	187	1408
9.57961	2042	187	1408
9.58622	2043	185	208
9.58919	2044	188	1408
9.59542	2045	187	1408
9.59868	2046	184	208
9.60165	2047	187	1408
9.61075	2048	187	1408
9.61736	2049	185	208
9.62033	2050	188	1408
9.62944	2051	187	1408
9.63317	2052	185	208
9.63614	2053	188	1408
9.64524	2054	187	1408
9.6485	2055	184	208
9.65147	2056	187	1408
9.66058	2057	187	1408
9.66718	2058	185	208
9.67016	2059	188	1408
9.67638	2060	187	1408
9.67964	2061	184	208
9.68261	2062	187	1408
9.69172	2063	187	1408
9.69545	2064	185	208
9.69842	2065	188	1408
9.70752	2066	187	1408
9.71126	2067	185	208
9.71423	2068	188	1408
9.72286	2069	187	1408
9.72659	2070	184	208
9.72956	2071	187	1408
9.73866	2072	187	1408
9.7424	2073	185	208
9.74537	2074	188	1408
9.754	2075	186	1408
9.75773	2076	184	208
9.7607	2077	187	1408
9.7698	2078	187	1408
9.77354	2079	184	208
9.77651	2080	187	1408
9.78514	2081	187	1408
9.78887	2082	184	208
9.79184	2083	187	1408
9.80094	2084	189	1408
9.8042	2085	185	208
9.80765	2086	187	1408
9.81628	2087	187	1408
9.82288	2088	186	208
9.82586	2089	188	1408
9.83208	2090	187	1408
9.83534	2091	183	208
9.83831	2092	185	1408
9.84742	2093	186	1408
9.85402	2094	185	208
9.857	2095	186	1408
9.86322	2096	186	1408
9.86983	2097	184	208
9.8728	2098	186	1408
9.87903	2099	185	1408
9.9072	2100	169	208
9.91017	2101	171	1408
9.91928	2102	172	1408
9.92253	2103	168	208
9.92598	2104	170	1408
9.93461	2105	172	1408
9.93834	2106	169	208
9.94131	2107	171	1408
9.95042	2108	172	1408
9.95367	2109	168	208
9.95712	2110	171	1408
9.96575	2111	171	1408
9.96948	2112	169	208
9.97533	2113	173	1408
9.98156	2114	172	1408
9.98481	2115	168	208
9.98826	2116	171	1408
9.99689	2117	171	1408
10.0006	2118	169	208
10.0065	2119	173	1408
10.0127	2120	171	1408
10.0164	2121	169	208
10.0223	2122	173	1408
10.028	2123	172	1408
10.0346	2124	169	208
10.0376	2125	171	1408
10.0438	2126	170	1408
10.0504	2127	171	208
10.0534	2128	172	1408
10.0592	2129	171	1408
10.0658	2130	168	208
10.0687	2131	170	1408
10.075	2132	169	1408
10.0816	2133	169	208
10.0846	2134	171	1408
10.0903	2135	170	1408
10.1094	2136	159	208
10.1128	2137	161	1408
10.1214	2138	162	1408
10.1252	2139	159	208
10.1282	2140	161	1408
10.1373	2141	163	1408
10.1405	2142	159	208
10.144	2143	161	1408
10.1526	2144	162	1408
10.1563	2145	159	208
10.1622	2146	164	1408
10.1684	2147	163	1408
10.175	2148	160	208
10.178	2149	161	1408
10.1871	2150	164	1408
10.1903	2151	161	208
10.1933	2152	162	1408
10.2024	2153	164	1408
10.209	2154	163	208
10.212	2155	164	1408
10.2182	2156	164	1408
10.222	2157	159	208
10.2278	2158	164	1408
10.2336	2159	163	1408
10.2402	2160	163	208
10.2431	2161	165	1408
10.2494	2162	164	1408
10.256	2163	162	208
10.2589	2164	164	1408
10.2647	2165	163	1408
10.2713	2166	163	208
10.2743	2167	165	1408
10.2805	2168	164	1408
10.2871	2169	163	208
10.2901	2170	165	1408
10.2992	2171	167	1408
10.312	2172	160	208
10.315	2173	161	1408
10.3241	2174	163	1408
10.3274	2175	159	208
10.3303	2176	161	1408
10.3394	2177	162	1408
10.3432	2178	159	208
10.3461	2179	161	1408
10.3552	2180	163	1408
10.3618	2181	159	208
10.3648	2182	161	1408
10.3706	2183	160	1408
10.3772	2184	159	208
10.3801	2185	161	1408
10.3893	2186	162	1408
10.393	2187	159	208
10.3988	2188	163	1408
10.4051	2189	163	1408
10.4117	2190	159	208
10.4146	2191	161	1408
10.4204	2192	160	1408
10.427	2193	160	208
10.43	2194	161	1408
10.4362	2195	161	1408
10.4428	2196	159	208
10.4458	2197	161	1408
10.452	2198	161	1408
10.4581	2199	159	208
10.4611	2200	161	1408
10.4702	2201	163	1408
10.4739	2202	159	208
10.4798	2203	164	1408
10.486	2204	164	1408
10.4893	2205	159	208
10.4956	2206	164	1408
10.5014	2207	162	1408
10.5113	2208	156	208
10.5172	2209	161	1408
10.5234	2210	159	1408
10.5271	2211	157	208
10.533	2212	160	1408
10.5392	2213	160	1408
10.5453	2214	159	208
10.5483	2215	161	1408
10.5545	2216	159	1408
10.564	2217	160	208
10.567	2218	161	1408
10.5732	2219	161	1408
10.5769	2220	156	208
10.5828	2221	161	1408
10.5919	2222	162	1408
10.5956	2223	157	208
10.6015	2224	162	1408
10.6072	2225	161	1408
10.6138	2226	159	208
10.6168	2227	161	1408
10.623	2228	161	1408
10.6296	2229	159	208
10.6326	2230	161	1408
10.6417	2231	163	1408
10.645	2232	159	208
10.648	2233	161	1408
10.6542	2234	161	1408
10.6608	2235	159	208
10.6638	2236	161	1408
10.6729	2237	162	1408
10.6795	2238	160	208
10.6824	2239	162	1408
10.6882	2240	161	1408
10.6948	2241	159	208
10.6978	2242	161	1408
10.7069	2243	163	1408
10.7168	2244	159	208
10.7198	2245	161	1408
10.7256	2246	160	1408
10.7322	2247	159	208
10.7351	2248	161	1408
10.7414	2249	160	1408
10.748	2250	159	208
10.751	2251	161	1408
10.7601	2252	164	1408
10.7667	2253	159	208
10.7696	2254	161	1408
10.7787	2255	163	1408
10.782	2256	159	208
10.785	2257	161	1408
10.7941	2258	162	1408
10.8007	2259	159	208
10.8037	2260	161	1408
10.8099	2261	160	1408
10.8165	2262	160	208
10.8195	2263	162	1408
10.8286	2264	164	1408
10.8318	2265	159	208
10.8353	2266	162	1408
10.8439	2267	162	1408
10.8476	2268	159	208
10.8535	2269	164	1408
10.8597	2270	163	1408
10.8663	2271	163	208
10.8693	2272	165	1408
10.875	2273	163	1408
10.8816	2274	159	208
10.8851	2275	162	1408
10.8937	2276	163	1408
10.9003	2277	163	208
10.9033	2278	165	1408
10.9095	2279	163	1408
10.919	2280	160	208
10.922	2281	161	1408
10.9311	2282	164	1408
10.9348	2283	159	208
10.9378	2284	161	1408
10.9469	2285	163	1408
10.9502	2286	159	208
10.9536	2287	161	1408
10.9622	2288	162	1408
10.9688	2289	159	208
10.9723	2290	162	1408
10.9809	2291	162	1408
10.9846	2292	159	208
10.9905	2293	164	1408
10.9967	2294	162	1408
11.0033	2295	160	208
11.0063	2296	162	1408
11.0154	2297	164	1408
11.022	2298	163	208
11.025	2299	164	1408
11.0341	2300	166	1408
11.0469	2301	163	208
11.0528	2302	168	1408
11.0619	2303	168	1408
11.0656	2304	166	208
11.0715	2305	170	1408
11.0806	2306	171	1408
11.0843	2307	169	208
11.0901	2308	173	1408
11.0992	2309	174	1408
11.1059	2310	172	208
11.1088	2311	174	1408
11.1213	2312	178	1408
11.1245	2313	175	208
11.1275	2314	176	1408
11.1371	2315	175	1408
11.1432	2316	172	208
11.1467	2317	174	1408
11.1553	2318	176	1408
11.1619	2319	175	208
11.1649	2320	177	1408
11.1711	2321	177	1408
11.1777	2322	175	208
11.1807	2323	177	1408
11.1898	2324	177	1408
11.1964	2325	175	208
11.1994	2326	177	1408
11.2085	2327	178	1408
11.2117	2328	175	208
11.2147	2329	176	1408
11.2238	2330	177	1408
11.2304	2331	175	208
11.2334	2332	177	1408
11.2425	2333	177	1408
11.2491	2334	175	208
11.2521	2335	177	1408
11.2645	2336	172	1408
11.2711	2337	170	208
11.2741	2338	172	1408
11.2799	2339	168	1408
11.2865	2340	166	208
11.2894	2341	168	1408
11.2957	2342	165	1408
11.3023	2343	163	208
11.3052	2344	165	1408
11.311	2345	162	1408
11.3176	2346	156	208
11.3211	2347	159	1408
11.3297	2348	160	1408
11.3334	2349	156	208
11.3364	2350	158	1408
11.3421	2351	156	1408
11.3487	2352	153	208
11.3517	2353	155	1408
11.3579	2354	153	1408
11.3612	2355	150	208
11.3642	2356	152	1408
11.367	2357	147	1408
11.3674	2358	138	208
11.3704	2359	140	1408
11.3733	2360	134	1408
11.3737	2361	125	208
11.3766	2362	127	1408
11.3795	2363	123	1408
11.3799	2364	116	208
11.3829	2365	118	1408
11.3857	2366	112	1408
11.3861	2367	104	208
11.3891	2368	106	1408
11.392	2369	99	1408
11.3923	2370	88	208
11.3953	2371	90	1408
11.4044	2372	90	1408
11.411	2373	91	208
11.414	2374	91	1408
11.4202	2375	91	1408
11.4268	2376	91	208
11.4298	2377	92	1408
11.4389	2378	93	1408
11.4422	2379	91	208
11.4451	2380	92	1408
11.4542	2381	93	1408
11.4608	2382	91	208
11.4638	2383	93	1408
11.4667	2384	89	1408
11.4733	2385	90	208
11.4763	2386	91	1408
11.4825	2387	90	1408
11.4858	2388	87	208
11.4887	2389	88	1408
11.495	2390	87	1408
11.5016	2391	88	208
11.5045	2392	89	1408
11.5103	2393	88	1408
11.514	2394	86	208
11.5199	2395	89	1408
11.5261	2396	89	1408
11.5294	2397	86	208
11.5323	2398	87	1408
11.5352	2399	84	1408
11.5356	2400	77	208
11.5386	2401	78	1408
11.5414	2402	75	1408
11.5418	2403	68	208
11.5448	2404	69	1408
11.5477	2405	66	1408
11.548	2406	60	208
11.551	2407	61	1408
11.5539	2408	57	1408
11.5543	2409	51	208
11.5572	2410	52	1408
11.5601	2411	49	1408
11.5667	2412	48	208
11.5697	2413	49	1408
11.5788	2414	52	1408
11.5825	2415	49	208
11.5855	2416	51	1408
11.5946	2417	53	1408
11.5983	2418	50	208
11.6042	2419	55	1408
11.6099	2420	53	1408
11.6165	2421	53	208
11.6195	2422	55	1408
11.6286	2423	57	1408
11.6324	2424	54	208
11.6353	2425	56	1408
11.6444	2426	58	1408
11.6477	2427	54	208
11.6507	2428	56	1408
11.6598	2429	58	1408
11.6664	2430	58	208
11.6693	2431	60	1408
11.6756	2432	59	1408
11.6822	2433	60	208
11.6852	2434	62	1408
11.6914	2435	61	1408
11.6975	2436	60	208
11.7005	2437	62	1408
11.7067	2438	62	1408
11.7133	2439	62	208
11.7163	2440	64	1408
11.7254	2441	66	1408
11.7287	2442	63	208
11.7316	2443	65	1408
11.7407	2444	67	1408
11.7445	2445	66	208
11.7474	2446	68	1408
11.7537	2447	68	1408
11.7598	2448	69	208
11.7628	2449	71	1408
11.769	2450	72	1408
11.7722	2451	71	208
11.7752	2452	73	1408
11.7814	2453	74	1408
11.7881	2454	75	208
11.791	2455	77	1408
11.7968	2456	77	1408
11.8005	2457	76	208
11.8035	2458	78	1408
11.8092	2459	79	1408
11.8158	2460	79	208
11.8188	2461	81	1408
11.825	2462	83	1408
11.8283	2463	81	208
11.8313	2464	83	1408
11.8375	2465	84	1408
11.8408	2466	81	208
11.8437	2467	84	1408
11.8528	2468	87	1408
11.8566	2469	86	208
11.8595	2470	88	1408
11.8653	2471	89	1408
11.869	2472	87	208
11.872	2473	89	1408
11.8811	2474	93	1408
11.8844	2475	91	208
11.8873	2476	93	1408
11.8936	2477	94	1408
11.9002	2478	95	208
11.9031	2479	98	1408
11.9089	2480	97	1408
11.9126	2481	96	208
11.9156	2482	98	1408
11.9213	2483	99	1408
11.9251	2484	98	208
11.928	2485	100	1408
11.9371	2486	103	1408
11.9404	2487	101	208
11.9434	2488	103	1408
11.9496	2489	104	1408
11.9533	2490	103	208
11.9592	2491	108	1408
11.9649	2492	107	1408
11.9687	2493	106	208
11.9716	2494	108	1408
11.9774	2495	109	1408
11.9811	2496	108	208
11.987	2497	112	1408
11.9932	2498	114	1408
11.9965	2499	111	208
11.9994	2500	114	1408
12.0057	2501	114	1408
12.0094	2502	113	208
12.0152	2503	119	1408
12.021	2504	118	1408
12.0247	2505	117	208
12.0277	2506	119	1408
12.0334	2507	120	1408
12.0372	2508	119	208
12.0401	2509	121	1408
12.0464	2510	122	1408
12.0525	2511	123	208
12.0555	2512	125	1408
12.0617	2513	126	1408
12.065	2514	124	208
12.0679	2515	126	1408
12.0742	2516	128	1408
12.0808	2517	129	208
12.0837	2518	131	1408
12.0895	2519	132	1408
12.0932	2520	131	208
12.0962	2521	133	1408
12.102	2522	133	1408
12.1057	2523	132	208
12.1087	2524	134	1408
12.1149	2525	135	1408
12.121	2526	137	208
12.124	2527	138	1408
12.1302	2528	140	1408
12.1335	2529	138	208
12.1364	2530	141	1408
12.1427	2531	142	1408
12.1459	2532	140	208
12.1489	2533	142	1408
12.158	2534	147	1408
12.1617	2535	145	208
12.1647	2536	147	1408
12.1705	2537	148	1408
12.1742	2538	147	208
12.1772	2539	150	1408
12.1829	2540	150	1408
12.1866	2541	149	208
12.1925	2542	153	1408
12.2016	2543	154	1408
12.2053	2544	150	208
12.2083	2545	152	1408
12.2203	2546	155	1408
12.224	2547	151	208
12.227	2548	152	1408
12.2361	2549	153	1408
12.2427	2550	151	208
12.2457	2551	153	1408
12.2548	2552	154	1408
12.2614	2553	152	208
12.2644	2554	154	1408
12.3324	2555	128	1408
12.3361	2556	126	208
12.3391	2557	129	1408
12.3453	2558	128	1408
12.3515	2559	128	208
12.3544	2560	130	1408
12.3635	2561	131	1408
12.3701	2562	129	208
12.3731	2563	132	1408
12.3793	2564	131	1408
12.3888	2565	128	208
12.3918	2566	131	1408
12.398	2567	131	1408
12.4046	2568	128	208
12.4076	2569	131	1408
12.4196	2570	134	1408
12.4262	2571	132	208
12.4292	2572	135	1408
12.4383	2573	134	1408
12.4856	2574	113	208
12.4886	2575	116	1408
12.4943	2576	115	1408
12.498	2577	113	208
12.5039	2578	117	1408
12.5101	2579	116	1408
12.5167	2580	113	208
12.5197	2581	116	1408
12.5288	2582	115	1408
12.5354	2583	116	208
12.5384	2584	118	1408
12.5446	2585	118	1408
12.5507	2586	118	208
12.5537	2587	120	1408
12.5599	2588	120	1408
12.5666	2589	121	208
12.5695	2590	123	1408
12.5758	2591	122	1408
12.5819	2592	122	208
12.5849	2593	124	1408
12.5911	2594	125	1408
12.5948	2595	122	208
12.6007	2596	127	1408
12.6064	2597	127	1408
12.613	2598	127	208
12.616	2599	129	1408
12.6222	2600	129	1408
12.626	2601	126	208
12.6318	2602	131	1408
12.6376	2603	131	1408
12.6413	2604	129	208
12.6471	2605	134	1408
12.6596	2606	131	1408
12.6633	2607	129	208
12.6692	2608	134	1408
12.6749	2609	133	1408
12.6787	2610	131	208
12.6845	2611	136	1408
12.6907	2612	136	1408
12.694	2613	133	208
12.7003	2614	139	1408
12.7061	2615	138	1408
12.7098	2616	135	208
12.7128	2617	137	1408
12.7219	2618	140	1408
12.7251	2619	138	208
12.7315	2620	143	1408
12.7372	2621	143	1408
12.7409	2622	139	208
12.7439	2623	141	1408
12.753	2624	145	1408
12.7563	2625	142	208
12.7626	2626	147	1408
12.7683	2627	147	1408
12.7721	2628	145	208
12.7751	2629	147	1408
12.7842	2630	149	1408
12.7874	2631	146	208
12.7937	2632	151	1408
12.7995	2633	151	1408
12.8032	2634	149	208
12.8062	2635	151	1408
12.8153	2636	154	1408
12.8186	2637	151	208
12.8215	2638	153	1408
12.8306	2639	155	1408
12.8344	2640	153	208
12.8373	2641	155	1408
12.8464	2642	158	1408
12.8497	2643	155	208
12.8527	2644	157	1408
12.8618	2645	160	1408
12.8655	2646	157	208
12.8713	2647	162	1408
12.8776	2648	162	1408
12.8808	2649	159	208
12.8843	2650	162	1408
12.8929	2651	164	1408
12.8966	2652	162	208
12.8996	2653	164	1408
12.9087	2654	166	1408
12.912	2655	163	208
12.9149	2656	165	1408
12.924	2657	169	1408
12.9278	2658	166	208
12.9308	2659	168	1408
12.937	2660	168	1408
12.9431	2661	169	208
12.9461	2662	171	1408
12.9552	2663	173	1408
12.9589	2664	170	208
12.9619	2665	172	1408
12.971	2666	175	1408
12.9743	2667	173	208
12.9772	2668	175	1408
12.9835	2669	175	1408
12.9901	2670	175	208
12.993	2671	177	1408
13.0021	2672	180	1408
13.0054	2673	177	208
13.0084	2674	179	1408
13.0175	2675	182	1408
13.0212	2676	180	208
13.0242	2677	182	1408
13.0333	2678	184	1408
13.0365	2679	181	208
13.0395	2680	183	1408
13.0486	2681	186	1408
13.0523	2682	184	208
13.0553	2683	186	1408
13.0615	2684	186	1408
13.0677	2685	185	208
13.0706	2686	188	1408
13.0797	2687	190	1408
13.0835	2688	188	208
13.0865	2689	190	1408
13.0956	2690	193	1408
13.0988	2691	190	208
13.1018	2692	192	1408
13.1109	2693	195	1408
13.1146	2694	192	208
13.1176	2695	194	1408
13.1238	2696	194	1408
13.13	2697	194	208
13.1329	2698	196	1408
13.142	2699	200	1408
13.1458	2700	197	208
13.1487	2701	199	1408
13.1578	2702	201	1408
13.1611	2703	199	208
13.1641	2704	201	1408
13.1732	2705	204	1408
13.1769	2706	201	208
13.1799	2707	203	1408
13.1856	2708	203	1408
13.1922	2709	203	208
13.1952	2710	206	1408
13.2043	2711	208	1408
13.208	2712	206	208
13.211	2713	208	1408
13.2201	2714	211	1408
13.2234	2715	208	208
13.2263	2716	210	1408
13.2326	2717	210	1408
13.2392	2718	210	208
13.2422	2719	212	1408
13.2484	2720	212	1408
13.2545	2721	212	208
13.2575	2722	214	1408
13.2666	2723	217	1408
13.2703	2724	215	208
13.2733	2725	217	1408
13.2795	2726	216	1408
13.2857	2727	216	208
13.2886	2728	218	1408
13.2986	2730	216	208
13.3016	2731	218	1408
13.3073	2732	218	1408
13.3139	2733	217	208
13.3169	2734	220	1408
13.3231	2735	220	1408
13.3268	2736	217	208
13.3298	2737	219	1408
13.336	2738	220	1408
13.3393	2739	217	208
13.3423	2740	219	1408
13.3485	2741	219	1408
13.3551	2742	219	208
13.3581	2743	221	1408
13.3676	2745	218	208
13.3705	2746	220	1408
13.3768	2747	220	1408
13.3805	2748	218	208
13.3835	2749	220	1408
13.3892	2750	219	1408
13.3958	2751	219	208
13.3988	2752	221	1408
13.4022	2753	219	1408
13.4088	2754	219	208
13.4117	2755	221	1408
13.418	2756	221	1408
13.4212	2757	218	208
13.4242	2758	221	1408
13.4304	2759	220	1408
13.4342	2760	218	208
13.4371	2761	220	1408
13.4434	2762	220	1408
13.4495	2763	220	208
13.4525	2764	222	1408
13.4624	2766	219	208
13.4683	2768	218	1408
13.4749	2769	218	208
13.4778	2770	220	1408
13.4841	2771	221	1408
13.4932	2773	223	1408
13.4989	2774	221	1408
13.5027	2775	219	208
13.5056	2776	221	1408
13.5119	2777	221	1408
13.5151	2778	219	208
13.5243	2780	221	1408
13.528	2781	218	208
13.531	2782	221	1408
13.5368	2783	219	1408
13.5405	2784	217	208
13.5435	2785	219	1408
13.5492	2786	219	1408
13.5583	2787	220	1411
13.5621	2788	218	208
13.5713	2790	220	1408
13.5745	2791	217	208
13.5775	2792	219	1408
13.5837	2793	219	1408
13.587	2794	216	208
13.59	2795	218	1408
13.5991	2796	221	1408
13.6028	2797	218	208
13.6058	2798	220	1408
13.612	2799	220	1408
13.6152	2800	217	208
13.6182	2801	220	1408
13.6273	2802	220	1411
13.6336	2803	220	1408
13.6368	2804	217	208
13.6398	2805	219	1408
13.6455	2806	219	1408
13.6464	2807	214	208
13.6523	2808	219	1408
13.6585	2809	219	1408
13.6804	2810	210	208
13.6834	2811	212	1408
13.6925	2812	214	1408
13.6986	2813	213	208
13.7016	2814	215	1408
13.7078	2815	214	1408
13.717	2816	214	1411
13.7256	2817	216	1411
13.7293	2818	213	208
13.7352	2819	218	1408
13.7409	2820	216	1408
13.7475	2821	216	208
13.7505	2822	218	1408
13.7571	2823	218	211
13.7601	2824	220	1408
13.7667	2825	219	208
13.7697	2826	221	1408
13.7759	2827	220	1408
13.785	2829	221	1408
13.7912	2830	220	1411
13.8003	2831	222	1408
13.8036	2832	218	208
13.8066	2833	220	1408
13.8128	2834	219	1408
13.8161	2835	216	208
13.8224	2836	221	1408
13.8281	2837	220	1408
13.8372	2838	222	1411
13.841	2839	218	208
13.844	2840	220	1408
13.8497	2841	218	1408
13.8563	2842	218	208
13.8593	2843	220	1408
13.8684	2844	222	1408
13.8721	2845	219	208
13.8751	2846	221	1408
13.8813	2847	220	1408
13.8846	2848	216	208
13.8875	2849	218	1408
13.8938	2850	217	1408
13.9004	2851	217	208
13.9034	2852	219	1408
13.9062	2853	215	1408
13.9066	2854	207	208
13.9096	2855	209	1408
13.9125	2856	205	1408
13.9186	2857	204	208
13.9216	2858	206	1408
13.9273	2859	205	1408
13.9311	2860	202	208
13.9369	2861	206	1408
13.9427	2862	205	1408
13.9464	2863	202	208
13.9522	2864	207	1408
13.9585	2865	206	1408
13.9617	2866	203	208
13.9647	2867	205	1408
13.9738	2868	207	1408
13.9775	2869	204	208
13.9805	2870	206	1408
13.9896	2871	208	1408
13.9929	2872	204	208
13.9963	2873	207	1408
14.0049	2874	208	1408
14.0087	2875	205	208
14.0117	2876	207	1408
14.0208	2877	209	1408
14.0245	2878	206	208
14.0303	2879	211	1408
14.0336	2880	207	211
14.037	2881	210	1408
14.0432	2882	209	208
14.0461	2883	211	1408
14.0553	2884	213	1408
14.059	2885	210	208
14.0648	2886	215	1408
14.0711	2887	215	1408
14.0777	2888	214	208
14.0806	2889	216	1408
14.0864	2890	215	1408
14.093	2891	215	208
14.096	2892	216	1408
14.1051	2893	219	1408
14.1112	2894	218	208
14.1142	2895	220	1408
14.1204	2896	219	1408
14.1242	2897	216	208
14.1271	2898	218	1408
14.1334	2899	217	1408
14.1395	2900	216	208
14.1425	2901	218	1408
14.1524	2903	215	208
14.1583	2904	220	1408
14.1645	2905	219	1408
14.1682	2906	216	208
14.1741	2907	221	1408
14.1836	2909	216	208
14.1865	2910	218	1408
14.1956	2911	220	1408
14.1989	2912	216	208
14.2081	2914	218	1408
14.2147	2915	217	208
14.2177	2916	219	1408
14.2276	2918	215	208
14.2306	2919	217	1408
14.2397	2920	219	1408
14.2463	2921	219	208
14.2493	2922	221	1408
14.255	2923	220	1408
14.2588	2924	216	208
14.2617	2925	218	1408
14.2709	2926	220	1408
14.2746	2927	217	208
14.2838	2929	218	1408
14.287	2930	215	208
14.2934	2931	220	1408
14.2991	2932	219	1408
14.3057	2933	218	208
14.3087	2934	220	1408
14.3249	2936	220	208
14.3279	2937	222	1408
14.3307	2938	219	1408
14.3378	2939	217	208
14.3408	2940	219	1408
14.347	2941	220	1408
14.3536	2942	217	208
14.3566	2943	219	1408
14.3652	2944	220	1408
14.3718	2945	217	208
14.3748	2946	219	1408
14.381	2947	220	1408
14.3843	2948	216	208
14.3873	2949	218	1408
14.3964	2950	220	1408
14.403	2951	219	208
14.4059	2952	221	1408
14.4184	2954	220	1408
14.4245	2955	219	208
14.4275	2956	221	1408
14.4337	2957	219	1408
14.4428	2958	219	1411
14.4495	2959	220	208
14.459	2962	215	208
14.462	2963	217	1408
14.4711	2964	219	1411
14.4773	2965	218	1408
14.484	2966	218	208
14.4869	2967	220	1408
14.4989	2969	218	1408
14.5055	2970	218	208
14.5085	2971	220	1408
14.5184	2973	216	208
14.5214	2974	218	1408
14.5305	2975	221	1408
14.5338	2976	217	208
14.543	2978	218	1411
14.5492	2979	218	1408
14.5525	2980	214	208
14.5554	2981	216	1408
14.5583	2982	212	1408
14.5616	2983	209	208
14.565	2984	212	1408
14.5737	2985	213	1408
14.5799	2986	212	1411
14.5831	2987	209	208
14.5861	2988	211	1408
14.5923	2989	210	1408
14.5956	2990	206	208
14.599	2991	209	1408
14.6077	2992	211	1408
14.6114	2993	208	208
14.6144	2994	210	1408
14.6201	2995	209	1408
14.6263	2996	208	208
14.6292	2997	210	1408
14.6355	2998	209	1408
14.6387	2999	205	208
14.6417	3000	207	1408
14.6479	3001	207	1408
14.6512	3002	204	208
14.6542	3003	206	1408
14.6633	3004	205	1411
14.6695	3005	205	1408
14.6728	3006	201	208
14.6757	3007	203	1408
14.6848	3008	205	1408
14.7002	3009	198	1411
14.7093	3010	198	1411
14.7159	3011	197	208
14.7189	3012	199	1408
14.728	3013	200	1408
14.7404	3014	201	1411
14.7437	3015	197	208
14.75	3016	203	1408
14.7558	3017	200	1408
14.7649	3018	201	1411
14.7715	3019	201	208
14.7744	3020	203	1408
14.7835	3021	204	1408
14.7898	3022	202	1411
14.7964	3023	202	208
14.7994	3024	204	1408
14.8085	3025	205	1408
14.8151	3026	204	208
14.818	3027	206	1408
14.8272	3028	207	1408
14.8304	3029	203	208
14.8339	3030	205	1408
14.8425	3031	206	1408
14.8462	3032	202	208
14.8492	3033	204	1408
14.8549	3034	202	1408
14.8615	3035	201	208
14.8645	3036	203	1408
14.8707	3037	201	1408
14.8774	3038	201	208
14.8803	3039	202	1408
14.8861	3040	201	1408
14.8927	3041	199	208
14.8957	3042	201	1408
14.899	3043	197	1408
14.9051	3044	196	208
14.9081	3045	198	1408
14.9172	3046	199	1408
14.9209	3047	194	208
14.9239	3048	196	1408
14.9302	3049	195	1408
14.9363	3050	194	208
14.9393	3051	196	1408
14.9455	3052	194	1408
14.9492	3053	191	208
14.9551	3054	196	1408
14.9613	3055	194	1408
14.9674	3056	193	208
14.9704	3057	195	1408
14.9795	3058	196	1408
14.9832	3059	193	208
14.9862	3060	195	1408
14.9953	3061	196	1408
15.0019	3062	195	208
15.0049	3063	197	1408
15.014	3064	198	1408
15.0172	3065	195	208
15.0236	3066	200	1408
15.0293	3067	198	1408
15.0359	3068	197	208
15.0389	3069	199	1408
15.048	3070	201	1408
15.0517	3071	197	208
15.0547	3072	199	1408
15.0638	3073	200	1408
15.0675	3074	197	208
15.0734	3075	202	1408
15.0825	3076	203	1408
15.0858	3077	199	208
15.0887	3078	201	1408
15.0978	3079	202	1408
15.1044	3080	202	208
15.1074	3081	204	1408
15.1136	3082	202	1408
15.1202	3083	202	208
15.1232	3084	204	1408
15.1323	3085	205	1408
15.1356	3086	201	208
15.1385	3087	203	1408
15.1477	3088	204	1408
15.1514	3089	201	208
15.1544	3090	203	1408
15.1635	3091	204	1408
15.1667	3092	200	208
15.1697	3093	202	1408
15.1788	3094	203	1408
15.1825	3095	200	208
15.1855	3096	202	1408
15.1917	3097	200	1408
15.1979	3098	199	208
15.2008	3099	201	1408
15.2099	3100	202	1408
15.2137	3101	199	208
15.2166	3102	201	1408
15.2257	3103	202	1408
15.229	3104	198	208
15.232	3105	200	1408
15.2411	3106	202	1408
15.2448	3107	198	208
15.2478	3108	200	1408
15.2569	3109	201	1408
15.2606	3110	198	208
15.2665	3111	203	1408
15.2722	3112	201	1408
15.2759	3113	197	208
15.2818	3114	202	1408
15.288	3115	201	1408
15.2946	3116	200	208
15.2976	3117	202	1408
15.3067	3118	203	1408
15.31	3119	199	208
15.3134	3120	202	1408
15.322	3121	203	1408
15.3286	3122	202	208
15.3316	3123	204	1408
15.3378	3124	202	1408
15.3445	3125	202	208
15.3474	3126	204	1408
15.3537	3127	202	1408
15.3598	3128	201	208
15.3628	3129	203	1408
15.3719	3130	204	1408
15.3756	3131	201	208
15.3786	3132	203	1408
15.3877	3133	204	1408
15.3914	3134	201	208
15.3973	3135	206	1408
15.403	3136	204	1408
15.4096	3137	203	208
15.4126	3138	205	1408
15.4217	3139	206	1408
15.4254	3140	203	208
15.4284	3141	204	1408
15.4375	3142	206	1408
15.4408	3143	202	208
15.4437	3144	203	1408
15.4528	3145	205	1408
15.4566	3146	202	208
15.4595	3147	203	1408
15.4686	3148	205	1408
15.4719	3149	201	208
15.4749	3150	202	1408
15.484	3151	204	1408
15.4877	3152	201	208
15.4935	3153	205	1408
15.4998	3154	204	1408
15.503	3155	201	208
15.506	3156	203	1408
15.5151	3157	205	1408
15.5188	3158	202	208
15.5218	3159	204	1408
15.528	3160	205	1408
15.5313	3161	202	208
15.5343	3162	204	1408
15.5434	3163	207	1408
15.5471	3164	204	208
15.5501	3165	207	1408
15.5587	3166	208	1408
15.5624	3167	206	208
15.5654	3168	208	1408
15.5712	3169	208	1408
15.5749	3170	205	208
15.5779	3171	207	1408
15.587	3172	210	1408
15.5902	3173	207	208
15.5932	3174	209	1408
15.6023	3175	212	1408
15.606	3176	210	208
15.609	3177	212	1408
15.6148	3178	211	1408
15.6214	3179	212	208
15.6243	3180	214	1408
15.6306	3181	213	1408
15.6338	3182	210	208
15.6401	3183	216	1408
15.6459	3184	215	1408
15.6468	3185	210	208
15.6526	3186	215	1408
15.6583	3187	215	1408
15.665	3188	214	208
15.6679	3189	217	1408
15.6742	3190	217	1408
15.6774	3191	214	208
15.6804	3192	216	1408
15.6866	3193	216	1408
15.6932	3194	217	208
15.6962	3195	219	1408
15.7019	3196	218	1408
15.7086	3197	218	208
15.7115	3198	220	1408
15.7178	3199	220	1408
15.721	3200	218	208
15.7245	3201	220	1408
15.7273	3202	217	1408
15.7339	3203	217	208
15.7369	3204	219	1408
15.7427	3205	218	1408
15.7464	3206	216	208
15.7522	3207	221	1408
15.7585	3208	221	1408
15.7617	3209	218	208
15.7647	3210	220	1408
15.7713	3212	217	208
15.7743	3213	219	1408
15.7805	3214	220	1408
15.7809	3215	215	208
15.7839	3216	218	1408
15.7901	3217	220	1408
15.7938	3218	218	208
15.7968	3219	220	1408
15.7997	3220	218	1408
15.8029	3221	216	208
15.8064	3222	219	1408
15.8121	3223	220	1408
15.8125	3224	215	208
15.8155	3225	218	1408
15.8217	3226	219	1408
15.825	3227	217	208
15.8284	3228	220	1408
15.8342	3229	221	1408
15.8374	3230	219	208
15.8404	3231	221	1408
15.8466	3232	222	1408
15.847	3233	217	208
15.85	3234	219	1408
15.8562	3235	221	1408
15.8595	3236	219	208
15.8658	3238	220	1408
15.869	3239	219	208
15.872	3240	221	1408
15.8782	3241	222	1408
15.8815	3242	220	208
15.8845	3243	222	1408
15.8878	3244	220	1408
15.8911	3245	219	208
15.894	3246	222	1408
15.9003	3247	223	1408
15.9007	3248	218	208
15.9036	3249	220	1408
15.9099	3250	221	1408
15.9131	3251	220	208
15.9161	3252	222	1408
15.9227	3254	218	208
15.9257	3255	221	1408
15.9323	3257	218	208
15.9352	3258	220	1408
15.9386	3259	218	1408
15.9418	3260	216	208
15.9448	3261	218	1408
15.951	3262	218	1408
15.9543	3263	217	208
15.9606	3264	218	1408
15.9664	3265	218	1408
15.9701	3266	218	208
15.976	3267	218	1408
15.9788	3268	217	1408
15.9826	3269	216	208
15.9855	3270	218	1408
15.9946	3271	220	1408
15.995	3272	217	208
16.0009	3273	218	1408
16.0071	3274	221	1408
16.0104	3275	218	208
16.0167	3276	218	1408
16.0224	3277	220	1408
16.0287	3278	217	1411
16.0348	3279	215	208
16.0378	3280	217	1408
16.0469	3281	217	1408
16.0535	3282	216	208
16.0565	3283	218	1408
16.0627	3284	216	1408
16.0693	3285	214	208
16.0751	3286	219	1408
16.0814	3287	217	1408
16.0875	3288	214	208
16.0905	3289	216	1408
16.0967	3290	214	1408
16.1028	3291	212	208
16.1092	3292	217	1408
16.1178	3293	217	1408
16.124	3294	216	1411
16.1273	3295	211	208
16.1307	3296	213	1408
16.1394	3297	214	1408
16.1426	3298	209	208
16.1456	3299	211	1408
16.1547	3300	212	1408
16.1613	3301	211	208
16.1643	3302	213	1408
16.1705	3303	211	1408
16.1763	3304	211	1411
16.1795	3305	208	208
16.1825	3306	210	1411
16.1887	3307	211	1408
16.1945	3308	211	1408
16.2011	3309	212	208
16.2041	3310	214	1408
16.2098	3311	213	1408
16.2136	3312	212	208
16.2165	3313	214	1408
16.2223	3314	214	1408
16.2289	3315	214	208
16.2319	3316	217	1408
16.2347	3317	214	1408
16.2414	3318	215	208
16.2443	3319	217	1408
16.2501	3320	218	1408
16.2538	3321	215	208
16.2568	3322	217	1408
16.2659	3323	220	1408
16.2691	3324	219	208
16.2721	3325	221	1408
16.2755	3326	218	1408
16.2787	3327	216	208
16.2817	3328	218	1408
16.2879	3329	218	1408
16.2912	3330	216	208
16.2942	3331	219	1408
16.3004	3332	219	1408
16.3036	3333	216	208
16.3066	3334	218	1408
16.3128	3335	219	1408
16.3132	3336	214	208
16.3162	3337	216	1408
16.3191	3338	213	1408
16.3194	3339	208	208
16.3224	3340	210	1408
16.3282	3341	210	1408
16.3319	3342	208	208
16.3349	3343	210	1408
16.3406	3344	210	1408
16.3444	3345	208	208
16.3473	3346	211	1408
16.3531	3347	211	1408
16.3597	3348	210	208
16.3627	3349	213	1408
16.3689	3350	211	1408
16.3726	3351	208	208
16.3756	3352	211	1408
16.3842	3353	214	1408
16.388	3354	208	208
16.3909	3355	211	1408
16.4	3356	215	1408
16.4033	3357	209	208
16.4063	3358	212	1408
16.4154	3359	211	1408
16.4191	3360	209	208
16.4221	3361	212	1408
16.4278	3362	211	1408
16.4344	3363	212	208
16.4374	3364	214	1408
16.4436	3365	215	1408
16.4469	3366	212	208
16.4499	3367	214	1408
16.459	3368	214	1408
16.4627	3369	213	208
16.4657	3370	215	1408
16.4714	3371	215	1408
16.4751	3372	213	208
16.4781	3373	216	1408
16.4872	3374	216	1408
16.4905	3375	214	208
16.4935	3376	216	1408
16.4997	3377	215	1408
16.5029	3378	212	208
16.5059	3379	215	1408
16.515	3380	219	1408
16.5187	3381	213	208
16.5217	3382	216	1408
16.5275	3383	215	1408
16.5312	3384	214	208
16.537	3385	219	1408
16.5433	3386	219	1408
16.5465	3387	217	208
16.5495	3388	219	1408
16.5557	3389	219	1408
16.559	3390	216	208
16.562	3391	219	1408
16.5682	3392	220	1408
16.5714	3393	217	208
16.5744	3394	219	1408
16.5802	3395	220	1408
16.5839	3396	217	208
16.5869	3397	219	1408
16.5898	3398	217	1408
16.5935	3399	215	208
16.5993	3400	220	1408
16.6056	3401	220	1408
16.6088	3402	218	208
16.6118	3403	220	1408
16.6147	3404	217	1408
16.615	3405	212	208
16.618	3406	215	1408
16.6242	3407	215	1408
16.628	3408	212	208
16.6338	3409	217	1408
16.6396	3410	218	1408
16.6433	3411	216	208
16.6463	3412	218	1408
16.652	3413	219	1408
16.6558	3414	215	208
16.6587	3415	218	1408
16.6645	3416	218	1408
16.6711	3417	216	208
16.6741	3418	219	1408
16.6803	3419	218	1408
16.6836	3420	216	208
16.687	3421	219	1408
16.6956	3422	218	1408
16.6994	3423	216	208
16.7023	3424	219	1408
16.7057	3425	216	1408
16.7118	3426	212	208
16.7148	3427	215	1408
16.7239	3428	218	1408
16.7276	3429	216	208
16.7306	3430	218	1408
16.7363	3431	218	1408
16.7401	3432	213	208
16.7431	3433	216	1408
16.7522	3434	219	1408
16.7554	3435	216	208
16.7584	3436	218	1408
16.7646	3437	218	1408
16.7712	3438	216	208
16.7742	3439	219	1408
16.7799	3440	218	1408
16.7837	3441	216	208
16.7866	3442	218	1408
16.7929	3443	215	1408
16.799	3444	216	208
16.802	3445	218	1408
16.8082	3446	219	1408
16.8115	3447	216	208
16.8144	3448	218	1408
16.8207	3449	218	1408
16.8239	3450	215	208
16.8269	3451	218	1408
16.8331	3452	219	1408
16.8335	3453	213	208
16.8369	3454	215	1408
16.8456	3455	219	1408
16.846	3456	213	208
16.8523	3457	219	1408
16.858	3458	219	1408
16.8618	3459	216	208
16.8647	3460	219	1408
16.8705	3461	219	1408
16.8709	3462	213	208
16.8743	3463	216	1408
16.8801	3464	217	1408
16.8833	3465	214	208
16.8863	3466	216	1408
16.8954	3467	220	1408
16.8987	3468	217	208
16.9016	3469	219	1408
16.9079	3470	219	1408
16.9111	3471	218	208
16.9141	3472	220	1408
16.917	3473	216	1408
16.9173	3474	212	208
16.9203	3475	214	1408
16.9232	3476	209	1408
16.9269	3477	206	208
16.9299	3478	209	1408
16.9356	3479	208	1408
16.9394	3480	204	208
16.9424	3481	207	1408
16.9481	3482	206	1408
16.9518	3483	204	208
16.9548	3484	206	1408
16.961	3485	207	1408
16.9672	3486	204	208
16.9701	3487	207	1408
16.9764	3488	206	1408
16.9796	3489	203	208
16.9826	3490	206	1408
16.9888	3491	205	1408
16.995	3492	202	208
16.9979	3493	205	1408
17.0042	3494	206	1408
17.0079	3495	203	208
17.0137	3496	208	1408
17.0195	3497	205	1408
17.0232	3498	203	208
17.0262	3499	206	1408
17.032	3500	205	1408
17.0357	3501	203	208
17.0415	3502	208	1408
17.0478	3503	205	1408
17.051	3504	203	208
17.054	3505	205	1408
17.0602	3506	206	1408
17.0635	3507	203	208
17.0669	3508	205	1408
17.0727	3509	206	1408
17.0793	3510	206	208
17.0823	3511	209	1408
17.088	3512	209	1408
17.0917	3513	206	208
17.0947	3514	208	1408
17.1005	3515	208	1408
17.1042	3516	206	208
17.1072	3517	209	1408
17.1129	3518	208	1408
17.1166	3519	206	208
17.1196	3520	208	1408
17.1254	3521	209	1408
17.1286	3522	206	208
17.1321	3523	209	1408
17.1378	3524	209	1408
17.1444	3525	209	208
17.1474	3526	212	1408
17.1532	3527	212	1408
17.1569	3528	209	208
17.1599	3529	211	1408
17.1656	3530	211	1408
17.1694	3531	210	208
17.1723	3532	212	1408
17.1781	3533	212	1408
17.1818	3534	210	208
17.1848	3535	212	1408
17.1905	3536	212	1408
17.1943	3537	210	208
17.1972	3538	213	1408
17.2035	3539	213	1408
17.2067	3540	210	208
17.2126	3541	215	1408
17.2154	3542	213	1408
17.2158	3543	207	208
17.2188	3544	209	1408
17.225	3545	211	1408
17.2283	3546	208	208
17.2313	3547	210	1408
17.2375	3548	210	1408
17.2407	3549	208	208
17.2437	3550	210	1408
17.2499	3551	210	1408
17.2532	3552	208	208
17.2562	3553	211	1408
17.2624	3554	209	1408
17.2656	3555	206	208
17.2686	3556	209	1408
17.2777	3557	211	1408
17.2781	3558	206	208
17.2811	3559	209	1408
17.2902	3560	209	1408
17.2939	3561	206	208
17.2969	3562	209	1408
17.3026	3563	208	1408
17.3064	3564	206	208
17.3093	3565	209	1408
17.3184	3566	211	1408
17.3217	3567	209	208
17.3247	3568	211	1408
17.3309	3569	208	1408
17.3342	3570	206	208
17.3371	3571	209	1408
17.3462	3572	212	1408
17.3471	3573	207	208
17.3529	3574	211	1408
17.3587	3575	211	1408
17.3624	3576	209	208
17.3654	3577	212	1408
17.3711	3578	212	1408
17.3749	3579	209	208
17.3778	3580	211	1408
17.3836	3581	211	1408
17.3873	3582	210	208
17.3903	3583	212	1408
17.3994	3584	212	1408
17.4027	3585	209	208
17.4056	3586	212	1408
17.4119	3587	212	1408
17.4151	3588	210	208
17.4181	3589	212	1408
17.4243	3590	212	1408
17.4276	3591	209	208
17.4305	3592	212	1408
17.4368	3593	212	1408
17.44	3594	210	208
17.4435	3595	212	1408
17.4492	3596	212	1408
17.4525	3597	209	208
17.4555	3598	212	1408
17.4646	3599	212	1408
17.4683	3600	211	208
17.4741	3601	216	1408
17.4804	3602	216	1408
17.4836	3603	214	208
17.4866	3604	216	1408
17.4957	3605	219	1408
17.4994	3606	217	208
17.5024	3607	220	1408
17.5053	3608	217	1408
17.5119	3609	217	208
17.5149	3610	219	1408
17.5211	3611	221	1408
17.5219	3612	215	208
17.5278	3613	220	1408
17.5336	3614	221	1408
17.5373	3615	219	208
17.5403	3616	221	1408
17.5436	3617	218	1408
17.5497	3618	219	208
17.5561	3620	219	1408
17.5627	3621	219	208
17.5685	3623	219	1408
17.5751	3624	217	208
17.5781	3625	220	1408
17.5843	3626	220	1408
17.5881	3627	217	208
17.591	3628	220	1408
17.5968	3629	219	1408
17.6034	3630	217	208
17.6064	3631	220	1408
17.6163	3633	218	208
17.6193	3634	220	1408
17.6255	3635	220	1408
17.6317	3636	220	208
17.638	3638	220	1408
17.65	3641	219	1408
17.6566	3642	217	208
17.6595	3643	220	1408
17.6695	3645	218	208
17.6725	3646	220	1408
17.6782	3647	220	1408
17.682	3648	217	208
17.6849	3649	220	1408
17.6907	3650	220	1408
17.6944	3651	218	208
17.7036	3653	220	1408
17.7069	3654	217	208
17.7098	3655	220	1408
17.7161	3656	221	1408
17.7193	3657	215	208
17.7223	3658	218	1408
17.7314	3659	217	1408
17.7351	3660	215	208
17.7381	3661	218	1408
17.7439	3662	217	1408
17.7476	3663	212	208
17.7506	3664	215	1408
17.7563	3665	214	1408
17.76	3666	213	208
17.7659	3667	217	1408
17.7721	3668	218	1408
17.7754	3669	214	208
17.7783	3670	217	1408
17.7846	3671	217	1408
17.7878	3672	214	208
17.7942	3673	220	1408
17.7999	3674	219	1408
17.8003	3675	215	208
17.8061	3676	220	1408
17.8153	3677	219	1411
17.8215	3678	220	1408
17.8244	3679	216	1411
17.8247	3680	211	208
17.8277	3681	213	1408
17.8306	3682	210	1408
17.831	3683	204	208
17.8339	3684	206	1408
17.8397	3685	206	1408
17.843	3686	203	208
17.8488	3687	208	1408
17.8522	3688	206	1408
17.8608	3689	204	1411
17.8645	3690	203	208
17.8675	3691	205	1408
17.8733	3692	205	1408
17.8824	3693	204	1411
17.8856	3694	202	208
17.8886	3695	204	1408
17.8923	3696	202	211
17.8953	3697	204	1411
17.9011	3698	204	1408
17.9048	3699	201	208
17.9078	3700	203	1408
17.914	3701	204	1411
17.9198	3702	203	1408
17.923	3703	201	208
17.9265	3704	203	1408
17.9322	3705	203	1408
17.9355	3706	201	208
17.9384	3707	203	1408
17.9475	3708	204	1411
17.9538	3709	205	1408
17.957	3710	203	208
17.96	3711	205	1408
17.9662	3712	205	1408
17.9695	3713	202	208
17.9758	3714	207	1408
17.9816	3715	207	1408
17.9853	3716	205	208
17.9883	3717	207	1408
17.994	3718	207	1408
18.0006	3719	207	208
18.0036	3720	210	1408
18.0098	3721	210	1408
18.0131	3722	207	208
18.0161	3723	210	1408
18.0223	3724	210	1408
18.0255	3725	207	208
18.0285	3726	209	1408
18.0347	3727	209	1408
18.0413	3728	207	208
18.0443	3729	210	1408
18.0501	3730	210	1408
18.0538	3731	207	208
18.0568	3732	209	1408
18.0659	3733	210	1408
18.0663	3734	205	208
18.0721	3735	210	1408
18.0783	3736	210	1408
18.0816	3737	206	208
18.0846	3738	209	1408
18.0908	3739	208	1408
18.094	3740	206	208
18.1004	3741	211	1408
18.1061	3742	210	1408
18.1099	3743	207	208
18.1128	3744	209	1408
18.1157	3745	206	1408
18.1161	3746	200	208
18.1219	3747	204	1408
18.1282	3748	205	1408
18.1314	3749	202	208
18.1344	3750	204	1408
18.1406	3751	203	1408
18.1439	3752	200	208
18.1468	3753	202	1408
18.1559	3754	205	1408
18.1597	3755	202	208
18.1626	3756	204	1408
18.1684	3757	204	1408
18.1721	3758	202	208
18.1751	3759	204	1408
18.1842	3760	206	1408
18.1846	3761	200	208
18.1904	3762	205	1408
18.1967	3763	205	1408
18.1999	3764	201	208
18.2029	3765	203	1408
18.2091	3766	204	1408
18.2124	3767	201	208
18.2153	3768	203	1408
18.2216	3769	202	1408
18.2248	3770	199	208
18.2283	3771	202	1408
18.2369	3772	204	1408
18.2406	3773	201	208
18.2436	3774	203	1408
18.2494	3775	203	1408
18.2531	3776	201	208
18.2561	3777	203	1408
18.2652	3778	205	1408
18.2684	3779	202	208
18.2714	3780	204	1408
18.2776	3781	204	1408
18.2809	3782	200	208
18.2843	3783	203	1408
18.293	3784	205	1408
18.2967	3785	203	208
18.2997	3786	205	1408
18.3054	3787	204	1408
18.3092	3788	202	208
18.3121	3789	204	1408
18.3179	3790	203	1408
18.3216	3791	200	208
18.3275	3792	205	1408
18.3337	3793	205	1408
18.3369	3794	201	208
18.3399	3795	204	1408
18.3461	3796	204	1408
18.3494	3797	201	208
18.3524	3798	203	1408
18.3615	3799	205	1408
18.3652	3800	203	208
18.3682	3801	205	1408
18.3739	3802	204	1408
18.3777	3803	201	208
18.3806	3804	203	1408
18.3897	3805	206	1408
18.393	3806	203	208
18.396	3807	205	1408
18.3988	3808	201	1408
18.4026	3809	199	208
18.4055	3810	201	1408
18.4113	3811	201	1408
18.415	3812	198	208
18.4209	3813	202	1408
18.4271	3814	203	1408
18.4304	3815	200	208
18.4333	3816	202	1408
18.4396	3817	201	1408
18.4428	3818	198	208
18.4491	3819	204	1408
18.452	3820	201	1408
18.4586	3821	200	208
18.4616	3822	202	1408
18.4673	3823	202	1408
18.4711	3824	200	208
18.4741	3825	202	1408
18.4798	3826	200	1408
18.4835	3827	198	208
18.4894	3828	203	1408
18.4956	3829	203	1408
18.4989	3830	199	208
18.5018	3831	201	1408
18.5081	3832	202	1408
18.5113	3833	199	208
18.5143	3834	201	1408
18.5205	3835	200	1408
18.5238	3836	197	208
18.5301	3837	203	1408
18.5359	3838	202	1408
18.5396	3839	199	208
18.5426	3840	201	1408
18.5483	3841	201	1408
18.552	3842	199	208
18.555	3843	201	1408
18.5641	3844	203	1408
18.5674	3845	200	208
18.5703	3846	202	1408
18.5766	3847	202	1408
18.5798	3848	198	208
18.5828	3849	200	1408
18.589	3850	201	1408
18.5956	3851	200	208
18.5986	3852	203	1408
18.6044	3853	202	1408
18.6081	3854	200	208
18.6111	3855	202	1408
18.6168	3856	200	1408
18.6206	3857	198	208
18.6264	3858	203	1408
18.6326	3859	203	1408
18.6359	3860	199	208
18.6389	3861	202	1408
18.6451	3862	202	1408
18.6483	3863	199	208
18.6513	3864	201	1408
18.6575	3865	200	1408
18.6641	3866	201	208
18.6671	3867	203	1408
18.6729	3868	202	1408
18.6766	3869	199	208
18.6796	3870	201	1408
18.6853	3871	201	1408
18.6891	3872	199	208
18.692	3873	201	1408
18.6983	3874	200	1408
18.7044	3875	200	208
18.7074	3876	202	1408
18.7136	3877	202	1408
18.7168	3878	198	208
18.7198	3879	200	1408
18.726	3880	201	1408
18.7293	3881	198	208
18.7323	3882	200	1408
18.7414	3883	202	1408
18.7451	3884	200	208
18.7481	3885	202	1408
18.7538	3886	201	1408
18.7576	3887	198	208
18.7605	3888	200	1408
18.7663	3889	200	1408
18.77	3890	198	208
18.773	3891	199	1408
18.7821	3892	202	1408
18.7854	3893	199	208
18.7883	3894	201	1408
18.7946	3895	201	1408
18.7978	3896	197	208
18.8008	3897	199	1408
18.807	3898	200	1408
18.8136	3899	200	208
18.8166	3900	202	1408
18.8223	3901	201	1408
18.8261	3902	199	208
18.829	3903	201	1408
18.8348	3904	200	1408
18.8385	3905	198	208
18.8415	3906	200	1408
18.8506	3907	203	1408
18.851	3908	198	208
18.854	3909	200	1408
18.8631	3910	204	1408
18.8634	3911	198	208
18.8664	3912	201	1408
18.8722	3913	201	1408
18.8788	3914	201	208
18.8817	3915	203	1408
18.888	3916	204	1408
18.8912	3917	202	208
18.8942	3918	204	1408
18.9004	3919	205	1408
18.9037	3920	202	208
18.9067	3921	204	1408
18.9129	3922	204	1408
18.9161	3923	203	208
18.9191	3924	205	1408
18.9253	3925	205	1408
18.9286	3926	203	208
18.9316	3927	205	1408
18.9378	3928	205	1408
18.9411	3929	203	208
18.944	3930	205	1408
18.9503	3931	206	1408
18.9569	3932	206	208
18.9598	3933	208	1408
18.9656	3934	209	1408
18.9693	3935	207	208
18.9723	3936	209	1408
18.978	3937	209	1408
18.9784	3938	204	208
18.9847	3939	209	1408
18.9905	3940	209	1408
18.9942	3941	208	208
18.9972	3942	210	1408
19.003	3943	209	1408
19.0067	3944	207	208
19.0097	3945	209	1408
19.0154	3946	210	1408
19.0191	3947	208	208
19.0221	3948	210	1408
19.0279	3949	210	1408
19.0316	3950	208	208
19.0346	3951	210	1408
19.0403	3952	210	1408
19.0441	3953	209	208
19.047	3954	211	1408
19.0528	3955	210	1408
19.0565	3956	209	208
19.0595	3957	211	1408
19.0652	3958	211	1408
19.0718	3959	211	208
19.0748	3960	214	1408
19.081	3961	215	1408
19.0843	3962	212	208
19.0873	3963	214	1408
19.0935	3964	215	1408
19.0939	3965	210	208
19.0997	3966	215	1408
19.1026	3967	214	1408
19.1063	3968	213	208
19.1093	3969	216	1408
19.1151	3970	217	1408
19.1188	3971	216	208
19.1218	3972	218	1408
19.1275	3973	219	1408
19.1312	3974	219	208
19.1342	3976	217	1408
19.1375	3977	215	208
19.1404	3978	217	1408
19.1467	3979	219	1408
19.1499	3980	217	208
19.1529	3981	220	1408
19.1595	3983	218	208
19.1625	3984	220	1408
19.1654	3985	218	1408
19.1691	3986	218	208
19.1721	3987	220	1408
19.1787	3989	217	208
19.1816	3990	219	1408
19.1882	3992	217	208
19.1912	3993	220	1408
19.1941	3994	218	1408
19.1974	3995	217	208
19.2003	3996	219	1408
19.2066	3997	220	1408
19.2069	3998	216	208
19.2161	4000	220	1408
19.2165	4001	216	208
19.2224	4002	217	1408
19.2286	4003	219	1408
19.229	4004	214	208
19.2348	4005	216	1408
19.241	4006	219	1408
19.2443	4007	217	208
19.2473	4008	217	1408
19.2535	4009	219	1408
19.2568	4010	217	208
19.2597	4011	216	1408
19.266	4012	218	1408
19.2692	4013	217	208
19.2755	4014	220	1408
19.2784	4015	219	1408
19.2817	4016	217	208
19.288	4017	220	1408
19.2909	4018	219	1408
19.2941	4019	218	208
19.3004	4020	220	1408
19.3033	4021	219	1408
19.3066	4022	217	208
19.3129	4023	220	1408
19.3158	4024	219	1408
19.319	4025	218	208
19.3254	4026	220	1408
19.3311	4027	220	1408
19.3315	4028	216	208
19.3378	4029	216	1408
19.3436	4030	218	1408
19.3473	4031	217	208
19.3503	4032	217	1408
19.356	4033	216	1408
19.3598	4034	211	208
19.3656	4035	216	1408
19.3718	4036	215	1408
19.3784	4037	214	208
19.3814	4038	216	1408
19.3872	4039	214	1408
19.3934	4040	213	1411
19.3967	4041	208	208
19.3996	4042	210	1408
19.4059	4043	209	1408
19.4116	4044	207	1411
19.4182	4045	206	208
19.4212	4046	208	1408
19.4274	4047	207	1411
19.4332	4048	205	1411
19.4394	4049	204	1408
19.446	4050	203	208
19.449	4051	204	1408
19.4547	4052	202	1408
19.461	4053	201	1411
19.4676	4054	200	208
19.4706	4055	202	1408
19.4763	4056	200	1408
19.48	4057	197	208
19.4859	4058	201	1408
19.4921	4059	200	1408
19.4954	4060	197	208
19.4983	4061	200	1408
19.5046	4062	200	1408
19.5078	4063	197	208
19.5108	4064	199	1408
19.517	4065	201	1408
19.5203	4066	198	208
19.5233	4067	200	1408
19.5295	4068	201	1408
19.5327	4069	198	208
19.5357	4070	200	1408
19.5419	4071	200	1408
19.5452	4072	199	208
19.5482	4073	201	1408
19.5544	4074	201	1408
19.5577	4075	198	208
19.5606	4076	201	1408
19.5669	4077	201	1408
19.5701	4078	199	208
19.5731	4079	201	1408
19.5793	4080	202	1408
19.5826	4081	199	208
19.5855	4082	201	1408
19.5918	4083	202	1408
19.595	4084	200	208
19.598	4085	201	1408
19.6042	4086	202	1408
19.6108	4087	202	208
19.6138	4088	205	1408
19.6167	4089	202	1408
19.6199	4090	199	208
19.6263	4091	205	1408
19.632	4092	205	1408
19.6329	4093	199	208
19.6387	4094	205	1408
19.6445	4095	205	1408
19.6482	4096	203	208
19.6512	4097	205	1408
19.6569	4098	204	1408
19.6607	4099	203	208
19.6636	4100	205	1408
19.6699	4101	205	1408
19.6731	4102	203	208
19.679	4103	207	1408
19.6852	4104	208	1408
19.6856	4105	203	208
19.6914	4106	208	1408
19.6976	4107	208	1408
19.7009	4108	205	208
19.7039	4109	207	1408
19.7101	4110	208	1408
19.7134	4111	206	208
19.7163	4112	208	1408
19.7226	4113	208	1408
19.7258	4114	205	208
19.7288	4115	207	1408
19.7379	4116	210	1408
19.7383	4117	206	208
19.7446	4118	211	1408
19.7503	4119	211	1408
19.7541	4120	209	208
19.757	4121	211	1408
19.7628	4122	211	1408
19.7665	4123	209	208
19.7695	4124	211	1408
19.7786	4125	214	1408
19.7819	4126	211	208
19.7848	4127	213	1408
19.7911	4128	215	1408
19.7943	4129	212	208
19.7973	4130	214	1408
19.8035	4131	214	1408
19.8068	4132	211	208
19.8097	4133	213	1408
19.816	4134	214	1408
19.8192	4135	212	208
19.8222	4136	214	1408
19.8284	4137	214	1408
19.8317	4138	211	208
19.8347	4139	213	1408
19.8409	4140	214	1408
19.8441	4141	212	208
19.8471	4142	214	1408
19.8533	4143	214	1408
19.8566	4144	211	208
19.8596	4145	214	1408
19.8658	4146	212	1408
19.8691	4147	211	208
19.872	4148	213	1408
19.8783	4149	212	1408
19.8815	4150	209	208
19.8845	4151	212	1408
19.8907	4152	212	1408
19.894	4153	209	208
19.8969	4154	211	1408
19.9032	4155	212	1408
19.9064	4156	209	208
19.9094	4157	212	1408
19.9156	4158	212	1408
19.9222	4159	213	208
19.9252	4160	215	1408
19.931	4161	211	1408
19.9347	4162	209	208
19.9377	4163	212	1408
19.9434	4164	212	1408
19.9471	4165	210	208
19.9501	4166	212	1408
19.9559	4167	211	1408
19.9596	4168	209	208
19.9626	4169	212	1408
19.9688	4170	212	1408
19.9749	4171	212	208
19.9779	4172	214	1408
19.9841	4173	215	1408
19.9874	4174	210	208
19.9904	4175	213	1408
19.9966	4176	212	1408
19.9998	4177	209	208
