0.01	0
0.01	0
0.01	0
0.01	0
0.01	0
0.01	0
0.01	0
0.01	0
0.01	0
0.01	0
0.01	0
0.013	0
0.013	0
0.017	0
0.0931925	133
0.0941925	133
0.102281	501
0.110873	731
0.110873	731
0.116089	910
0.120057	989
0.121929	1072
0.124929	1072
0.128929	1072
0.128929	1072
0.132929	1072
0.136929	1072
0.136929	1072
0.140929	1072
0.143929	1072
0.144929	1072
0.148929	1072
0.151929	1072
0.152929	1072
0.155929	1072
0.159929	1072
0.160929	1072
0.163929	1072
0.167929	1072
0.167929	1072
0.171929	1072
0.175797	1303
0.175797	1303
0.178389	1420
0.181389	1420
0.181389	1420
0.184389	1420
0.187477	1420
0.187477	1420
0.190477	1420
0.194445	1420
0.194445	1420
0.197445	1420
0.199285	1420
0.200285	1420
0.203661	1420
0.205125	1420
0.206125	1420
0.208125	1420
0.211533	1420
0.212501	1420
0.214501	1420
0.217125	1420
0.217125	1420
0.220501	1420
0.223501	1420
0.223501	1420
0.226533	1420
0.229125	1420
0.229125	1420
0.232125	1420
0.235533	1420
0.235533	1420
0.238125	1420
0.241533	1420
0.241533	1420
0.244125	1420
0.247125	1420
0.247125	1420
0.250469	1420
0.253685	1420
0.253685	1420
0.256557	1420
0.259901	2657
0.259901	2657
0.260901	2657
0.265645	2657
0.265645	2657
0.266021	2657
0.268989	2657
0.268989	2657
0.269989	2657
0.271861	2688
0.271861	2688
0.272237	2794
0.275205	2825
0.275205	2825
0.276205	2825
0.278549	2855
0.278549	2855
0.279549	2855
0.284765	2950
0.284765	2950
0.285765	2950
0.290509	2950
0.290509	2950
0.291885	2950
0.293853	2962
0.293853	2962
0.294853	2962
0.300069	2962
0.300069	2962
0.301445	2962
0.303413	2962
0.303413	2962
0.304413	2962
0.306285	2962
0.306285	2962
0.307285	2962
0.312501	2962
0.312501	2962
0.313501	2962
0.315845	2962
0.315845	2962
0.316845	2962
0.322061	2962
0.322061	2962
0.323061	2962
0.324933	2962
0.325933	2962
0.326933	2962
0.331153	2962
0.331153	2962
0.332153	2962
0.337371	2962
0.337371	2962
0.338749	2962
0.340719	2962
0.340719	2962
0.341719	2962
0.343593	2962
0.343593	2962
0.344593	2962
0.349813	2962
0.349813	2962
0.350813	2962
0.352687	2962
0.352687	2962
0.353687	2962
0.359379	2962
0.359379	2962
0.360379	2962
0.362253	2962
0.362253	2962
0.363253	2962
0.368473	2962
0.368473	2962
0.369473	2962
0.371819	2962
0.371819	2962
0.372819	2962
0.378039	2962
0.378039	2962
0.379039	2962
0.383785	2962
0.383785	2962
0.384163	2962
0.387133	2962
0.387133	2962
0.388133	2962
0.390007	2962
0.390007	2962
0.391007	2962
0.396699	2962
0.396699	2962
0.399573	2962
0.405793	2962
0.405793	2962
0.408667	2962
0.412015	2962
0.412015	2962
0.414889	2962
0.418709	2962
0.418709	2962
0.424455	2962
0.427803	2962
0.427803	2962
0.430677	2962
0.436897	2962
0.436897	2962
0.439771	2962
0.446463	2962
0.446463	2962
0.449337	2962
0.455557	2962
0.455557	2962
0.458431	2962
0.465123	2962
0.465123	2962
0.467997	2962
0.474217	2962
0.474217	2962
0.477091	2962
0.480439	2962
0.480439	2962
0.483313	2962
0.490005	2962
0.490005	2962
0.495751	2962
0.499099	2962
0.499099	2962
0.501973	2962
0.508665	2962
0.508665	2962
0.511539	2962
0.514887	2962
0.514887	2962
0.520633	2962
0.523981	2962
0.523981	2962
0.530199	2962
0.536419	2962
0.536419	2962
0.539293	2962
0.542641	2962
0.542641	2962
0.548859	2962
0.552207	2962
0.552207	2962
0.555081	2962
0.561301	2962
0.561301	2962
0.564175	2962
0.570867	2962
0.570867	2962
0.573741	2962
0.579961	2962
0.579961	2962
0.582835	2962
0.586183	2962
0.586183	2962
0.589057	2962
0.595749	2962
0.595749	2962
0.598623	2962
0.601971	2962
0.601971	2962
0.604845	2962
0.611065	2962
0.611065	2962
0.613939	2962
0.617287	2962
0.617287	2962
0.620161	2962
0.626857	2962
0.626857	2962
0.629731	2962
0.633079	2962
0.633079	2962
0.635953	2962
0.642175	2962
0.642175	2962
0.645049	2962
0.651745	2962
0.651745	2962
0.654619	2962
0.657967	2962
0.657967	2962
0.663715	2962
0.667063	2962
0.667063	2962
0.673285	2962
0.676633	2962
0.676633	2962
0.679507	2962
0.685729	2962
0.685729	2962
0.688603	2962
0.695299	2962
0.695299	2962
0.698173	2962
0.701521	2962
0.701521	2962
0.704395	2962
0.710617	2962
0.710617	2962
0.713491	2962
0.720187	2962
0.720187	2962
0.723061	2962
0.726409	2962
0.726409	2962
0.732157	2962
0.738853	2962
0.738853	2962
0.747949	2962
0.751297	2962
0.751297	2962
0.757045	2962
0.763741	2962
0.763741	2962
0.769489	2962
0.776192	2962
0.77757	2962
0.77757	2962
0.77954	2962
0.788636	2962
0.788636	2962
0.794858	2962
0.798588	2962
0.801558	2962
0.801558	2962
0.808162	2962
0.811132	2962
0.814006	2962
0.814006	2962
0.823581	2962
0.824581	2962
0.833155	2962
0.834155	2962
0.834155	2962
0.839851	2962
0.842725	2962
0.842725	2962
0.849803	2962
0.850803	2962
0.852773	2962
0.858521	2962
0.858521	2962
0.861869	2962
0.864743	2962
0.864743	2962
0.871439	2962
0.874313	2962
0.874313	2962
0.88054	2962
0.890496	2962
0.901696	2962
0.903572	2962
0.914056	2962
0.925604	2962
0.92748	2962
0.938962	2962
0.94951	2962
0.95051	2962
0.961488	2962
0.972444	2962
0.974416	2962
0.985518	2962
0.996094	2962
0.997094	2962
1.0082	2962
1.01952	2962
1.02152	2962
1.03298	2962
1.04355	2962
1.04455	2962
1.05588	2962
1.0665	2962
1.06823	2962
1.07983	2962
1.09031	2962
1.09228	2962
1.10386	2962
1.11396	2962
1.11596	2962
1.12644	2962
1.13784	2962
1.14878	2586
1.16171	2586
1.17316	2586
1.17516	2586
1.18861	2586
1.19461	2586
1.19908	2586
1.20593	2586
1.21141	2586
1.21241	2586
1.21838	2586
1.22386	2586
1.22486	2586
1.23083	2586
1.23605	2586
1.23705	2586
1.24363	2586
1.24863	2586
1.24963	2586
1.25598	2586
1.26195	2586
1.26295	2586
1.26805	2586
1.27278	2586
1.27378	2586
1.27762	2586
1.28162	2586
1.28285	2586
1.28685	2586
1.29142	2586
1.29142	2586
1.29642	2586
1.30042	2586
1.30151	2586
1.30551	2586
1.30926	2586
1.31026	2586
1.31426	2586
1.31937	2586
1.31937	2586
1.32437	2586
1.32882	2586
1.32982	2586
1.33382	2586
1.33782	2586
1.33882	2586
1.34265	2586
1.3475	2586
1.3475	2586
1.3525	2586
1.3565	2586
1.3575	2586
1.3615	2586
1.36571	2586
1.36671	2586
1.37071	2586
1.37571	2586
1.37571	2586
1.38016	2586
1.38491	2586
1.38591	2586
1.38991	2586
1.39391	2586
1.39491	2586
1.39836	2586
1.40396	2586
1.40396	2586
1.40893	2586
1.41293	2586
1.41393	2586
1.41703	2586
1.42226	2586
1.42226	2586
1.42749	2586
1.43149	2586
1.43249	2586
1.43607	2586
1.44007	2586
1.44107	2586
1.44507	2586
1.45043	2586
1.45043	2586
1.4554	2586
1.45963	2586
1.46063	2586
1.46721	2586
1.47108	2586
1.47108	2586
1.47631	2586
1.48542	2586
1.48542	2586
1.495	2586
1.50122	2586
1.50122	2586
1.5108	2586
1.51656	2586
1.51656	2586
1.52326	2586
1.52901	2586
1.52901	2586
1.53572	2586
1.54147	2586
1.54147	2586
1.54817	2586
1.55205	2586
1.55205	2586
1.56063	2586
1.5645	2586
1.5645	2586
1.57308	2586
1.57796	2586
1.57796	2586
1.58219	2586
1.59129	2586
1.59129	2586
1.59564	2586
1.60087	2586
1.60087	2586
1.61045	2586
1.6162	2586
1.6162	2586
1.62291	2586
1.62866	2586
1.62866	2586
1.63824	2586
1.64447	2586
1.64447	2586
1.6507	2586
1.65692	2586
1.65692	2586
1.66363	2586
1.66938	2586
1.66938	2586
1.67321	2586
1.67808	2586
1.67808	2586
1.68379	2586
1.69228	2586
1.69628	2586
1.69955	2586
1.70355	2586
1.70755	2586
1.71249	2586
1.71649	2586
1.72025	2586
1.72525	2586
1.72525	2586
1.73109	2586
1.73109	2586
1.73609	2586
1.74461	2586
1.74861	2586
1.75418	2586
1.75818	2586
1.76999	2586
1.77372	2586
1.77472	2586
1.7787	2586
1.78726	2586
1.79111	2586
1.79211	2586
1.79649	2586
1.8002	2586
1.8012	2586
1.80691	2586
1.81075	2586
1.81885	2586
1.81885	2586
1.8222	2586
1.83131	2586
1.83131	2586
1.83566	2586
1.84041	2586
1.84041	2586
1.84712	2586
1.85287	2586
1.85287	2586
1.85957	2586
1.93096	1846
1.93096	1846
1.93718	1846
1.94341	1846
1.94341	1846
1.95016	1846
1.95875	1846
1.95875	1846
1.96451	1846
1.97174	1846
1.97174	1846
1.97851	1846
1.98464	1846
1.98562	1846
1.99135	1846
1.99732	1846
1.99809	1846
2.00409	1846
2.01009	1846
2.01156	1846
2.01744	1846
2.02315	1846
2.02915	1846
2.03015	1846
2.036	1846
2.042	1846
2.043	1846
2.04982	1846
2.05515	1846
2.06153	1846
2.06808	1846
2.07408	1846
2.07522	1846
2.08119	1846
2.08719	1846
2.08819	1846
2.09405	1846
2.10073	1846
2.10686	1846
2.11284	1846
2.11384	1846
2.11906	1846
2.12506	1846
2.12606	1846
2.13278	1849
2.1381	1849
2.1391	1849
2.14533	1849
2.15146	1849
2.15243	1849
2.15878	1849
2.16401	1849
2.16589	1849
2.17112	1849
2.17747	1849
2.17872	1849
2.18457	1849
2.1918	1849
2.1918	1849
2.19843	1849
2.20466	1849
2.20566	1849
2.21192	1849
2.21765	1849
2.21865	1849
2.22453	1849
2.23065	1849
2.23165	1849
2.23776	1849
2.24302	1849
2.245	1849
2.25087	1849
2.25651	1849
2.25751	1849
2.26374	1849
2.26988	1849
2.27085	1849
2.27661	1849
2.28244	1849
2.28344	1849
2.28908	1849
2.29535	1849
2.29635	1849
2.3022	1849
2.30822	1849
2.30922	1849
2.31507	1849
2.32183	1849
2.32209	1849
2.32895	1849
2.33471	1849
2.33571	1849
2.34185	1849
2.34782	1849
2.34858	1849
2.35484	1849
2.36129	1849
2.36129	1849
2.36865	1849
2.37462	1849
2.37462	1849
2.38173	1849
2.38795	1849
2.38895	1849
2.39418	1849
2.40091	1849
2.40176	1849
2.40751	1849
2.41325	1849
2.41425	1849
2.42009	1849
2.42632	1849
2.42758	1849
2.43303	1849
2.43965	1849
2.44065	1849
2.44636	1849
2.45211	1849
2.45311	1849
2.45972	1849
2.46569	1849
2.46669	1849
2.47265	1849
2.4785	1849
2.4795	1849
2.48525	1849
2.49195	1849
2.49295	1849
2.49806	1849
2.50429	1849
2.50529	1849
2.51151	1849
2.51722	1849
2.51822	1849
2.52422	1849
2.53158	1849
2.53158	1849
2.53755	1849
2.54465	1849
2.54465	1849
2.55188	1849
2.55711	1849
2.55837	1849
2.56469	1849
2.57044	1849
2.57144	1849
2.57715	1849
2.5839	1849
2.5849	1849
2.59063	1849
2.59648	1849
2.59748	1849
2.60393	1849
2.60993	1849
2.61016	1849
2.61689	1849
2.62274	1849
2.62374	1849
2.62923	1849
2.6352	1849
2.6362	1849
2.6423	1849
2.64853	1849
2.64953	1849
2.65576	1849
2.66101	1849
2.66201	1849
2.66834	1849
2.67482	1849
2.67579	1849
2.68155	1849
2.68755	1849
2.68815	1849
2.69413	1849
2.70035	1849
2.70161	1849
2.70758	1849
2.71481	1849
2.71481	1849
2.72139	1849
2.72714	1849
2.72814	1849
2.73472	1849
2.74072	1849
2.74195	1849
2.74718	1849
2.75318	1849
2.75441	1849
2.76001	1849
2.76699	1849
2.76799	1849
2.77347	1849
2.77944	1849
2.78044	1849
2.78655	1849
2.79277	1849
2.79377	1849
2.799	1849
2.80523	1849
2.80623	1849
2.81223	1849
2.81807	1849
2.81904	1849
2.82579	1849
2.83152	1849
2.83252	1849
2.83837	1849
2.84485	1849
2.84585	1849
2.85183	1849
2.85779	1849
2.85879	1849
2.86463	1849
2.87039	1849
2.87139	1849
2.87709	1849
2.88409	1849
2.88409	1849
2.89142	1849
2.89765	1849
2.89765	1849
2.90491	1849
2.91023	1849
2.91123	1849
2.91771	1849
2.92369	1849
2.92444	1849
2.93044	1849
2.93602	1849
2.93702	1849
2.94325	1849
2.94995	1849
2.95095	1849
2.95658	1849
2.96228	1849
2.96328	1849
2.96903	1849
2.97564	1849
2.97664	1849
2.98261	1849
2.9881	1849
2.9891	1849
2.99507	1849
3.0013	1849
3.0023	1849
3.00888	1849
3.01463	1849
3.01536	1849
3.02133	1849
3.02733	1849
3.02844	1849
3.03467	1849
3.04089	1849
3.04189	1849
3.04715	1849
3.05447	1849
3.05447	1849
3.06096	1849
3.06768	1849
3.06768	1849
3.07429	1849
3.08026	1849
3.08126	1849
3.08775	1849
3.09372	1849
3.09472	1849
3.10095	1849
3.10653	1849
3.10753	1849
3.11328	1849
3.11998	1849
3.12098	1849
3.12698	1849
3.13234	1849
3.13331	1849
3.13931	1849
3.14554	1849
3.14615	1849
3.15212	1849
3.15861	1849
3.15961	1849
3.16558	1849
3.17133	1849
3.17233	1849
3.17891	1849
3.18414	1849
3.18514	1849
3.19137	1849
3.19847	1849
3.19847	1849
3.20517	1849
3.21193	1849
3.21193	1849
3.21863	1849
3.22673	1849
3.22673	1849
3.23296	1849
3.23919	1849
3.23919	1849
3.24877	1849
3.25452	1849
3.25452	1849
3.26123	1849
3.27033	1849
3.27033	1849
3.27656	1849
3.28379	1849
3.28379	1849
3.29049	1849
3.29812	1849
3.29812	1849
3.30482	1849
3.31105	1849
3.31105	1849
3.32016	1849
3.32638	1849
3.32638	1849
3.33309	1849
3.34172	1849
3.34172	1849
3.34842	1849
3.35417	1849
3.35417	1849
3.36375	1849
3.36998	1849
3.36998	1849
3.37621	1849
3.38244	1849
3.38344	1849
3.39202	1849
3.39877	1849
3.39877	1849
3.40547	1849
3.4117	1849
3.4127	1849
3.4198	1849
3.42603	1849
3.42603	1849
3.43226	1849
3.44136	1849
3.44136	1849
3.44807	1849
3.45482	1849
3.45482	1849
3.4634	1849
3.46963	1849
3.46963	1849
3.47921	1849
3.48596	1849
3.48596	1849
3.49266	1849
3.50077	1849
3.50077	1849
3.507	1849
3.51322	1849
3.51322	1849
3.5228	1849
3.52903	1849
3.52903	1849
3.53814	1849
3.54436	1849
3.54436	1849
3.55394	1849
3.5597	1849
3.5597	1849
3.5664	1849
3.5755	1849
3.5755	1849
3.58221	1849
3.59084	1849
3.59084	1849
3.59754	1849
3.60664	1849
3.60664	1849
3.61287	1849
3.62198	1849
3.62198	1849
3.62868	1849
3.63443	1849
3.63443	1849
3.64737	1849
3.65337	1849
3.65995	1849
3.66095	1849
3.66644	1849
3.67241	1849
3.67341	1849
3.67951	1849
3.68574	1849
3.68674	1849
3.69297	1849
3.70055	1849
3.70055	1849
3.7063	1849
3.72211	1849
3.72882	1849
3.72882	1849
3.73505	1849
3.74105	1849
3.74218	1849
3.74815	1849
3.75438	1849
3.75538	1849
3.76196	1849
3.76771	1849
3.76871	1849
3.77441	1849
3.78152	2962
3.78152	2962
3.78525	2962
3.78922	2962
3.78922	2962
3.79322	2962
3.79771	2962
3.79771	2962
3.80168	2962
3.80568	2962
3.80668	2962
3.80968	2962
3.81378	2962
3.81478	2962
3.81839	2962
3.82136	2962
3.82236	2962
3.82611	2962
3.82911	2962
3.83011	2962
3.83469	2962
3.83869	2962
3.83869	2962
3.84292	2962
3.84692	2962
3.84692	2962
3.8505	2962
3.8545	2962
3.8555	2962
3.85825	2962
3.86225	2962
3.86386	2962
3.86783	2962
3.87083	2962
3.87183	2962
3.87506	2962
3.87806	2962
3.87967	2962
3.88364	2962
3.88739	2962
3.88739	2962
3.89113	2962
3.8951	2962
3.8951	2962
3.8991	2962
3.9031	2962
3.9042	2962
3.9072	2962
3.91143	2962
3.91243	2962
3.91901	2962
3.92476	2962
3.92476	2962
3.93146	2962
3.93721	2962
3.93721	2962
3.94679	2962
3.95302	2962
3.95302	2962
3.95925	2962
3.97794	2962
3.98094	2962
3.9812	2962
3.98517	2962
3.9904	2962
3.9904	2962
3.99998	2962
4.00573	2962
4.00573	2962
4.01243	2962
4.02154	2962
4.02154	2962
4.02776	2962
4.03399	2962
4.03399	2962
4.03734	2962
4.04357	2962
4.04357	2962
4.0498	2962
4.05641	2962
4.09149	2962
4.09636	2962
4.10106	2962
4.10106	2962
4.1068	2962
4.11264	2962
4.11264	2962
4.11787	2962
4.12275	2962
4.123	2962
4.12885	2962
4.13371	2962
4.13471	2962
4.13991	2962
4.15137	1960
4.15894	1960
4.16394	1960
4.16919	1960
4.17502	1960
4.18198	1960
4.18695	1960
4.18795	1960
4.19344	1960
4.19942	1960
4.19942	1960
4.20504	1960
4.21175	1960
4.21275	1960
4.21898	1960
4.22398	1960
4.22498	1960
4.23096	1960
4.23666	1967
4.23666	1967
4.24254	1967
4.24912	1967
4.24912	1967
4.25587	1967
4.26157	1967
4.26257	1967
4.27068	1967
4.27691	1974
4.27691	1974
4.28601	1974
4.29271	1974
4.29271	1974
4.29847	1974
4.30517	1974
4.30517	1974
4.31192	1974
4.31727	1982
4.31827	1982
4.33872	1982
4.34447	1982
4.34447	1982
4.35118	1982
4.35693	1982
4.35793	1982
4.36363	1982
4.36939	1982
4.36939	1982
4.37609	1982
4.38185	1982
4.38285	1982
4.39096	1982
4.39672	1982
4.39672	1982
4.40583	1982
4.41446	1982
4.41446	1982
4.42082	1982
4.42606	1982
4.42706	1982
4.43269	1982
4.43845	1982
4.43945	1982
4.44515	1982
4.45091	1982
4.45191	1982
4.45761	1982
4.46336	1982
4.46336	1982
4.47294	1982
4.47917	1982
4.47917	1982
4.48552	1982
4.49175	1982
4.49275	1982
4.50121	1982
4.50694	1982
4.51292	1982
4.51367	1982
4.51867	1982
4.52425	1982
4.52525	1982
4.53101	1982
4.54194	1982
4.54667	1982
4.54767	1982
4.55365	1982
4.55827	1982
4.55927	1982
4.56598	1982
4.57121	1982
4.57121	1982
4.57931	1982
4.61333	1770
4.61333	1770
4.62056	1770
4.62679	1770
4.62779	1770
4.63302	1770
4.6416	1770
4.6416	1770
4.64835	1770
4.65405	1770
4.65505	1770
4.66316	1770
4.67274	1770
4.67274	1770
4.67949	1770
4.68519	1770
4.68619	1770
4.69242	1770
4.69965	1770
4.70065	1770
4.70688	1770
4.7121	1770
4.7131	1770
4.72006	1770
4.72629	1770
4.72729	1770
4.73352	1770
4.74049	1770
4.74149	1770
4.7476	1770
4.75335	1770
4.75435	1770
4.76193	1770
4.76716	1770
4.76816	1770
4.77439	1770
4.78162	1770
4.78262	1770
4.78862	1770
4.79486	1770
4.79586	1770
4.80283	1770
4.80879	1770
4.80979	1770
4.81564	1770
4.82212	1770
4.82312	1770
4.82909	1770
4.8352	1770
4.8362	1770
4.8432	1770
4.85911	1770
4.85911	1770
4.86821	1770
4.92139	1770
4.92139	1770
4.92862	1770
4.9372	1770
4.9372	1770
4.94495	1770
4.95065	1770
4.95165	1770
4.95876	1770
4.96498	1770
4.96598	1770
4.97121	1770
4.97844	1770
4.97844	1770
4.98567	1770
4.99278	1770
4.99278	1770
4.99901	1770
5.00859	1770
5.00859	1770
5.01572	1770
5.02157	1770
5.02257	1770
5.02828	1770
5.03528	1770
5.03628	1770
5.04238	1770
5.04848	1770
5.04948	1770
5.05697	1770
5.06229	1770
5.06329	1770
5.06904	1770
5.07675	1770
5.07775	1770
5.08398	1770
5.08908	1770
5.09008	1770
5.09731	1770
5.10776	1770
5.10776	1770
5.11687	1770
5.15759	1770
5.15759	1770
5.16482	1770
5.1734	1770
5.1734	1770
5.1825	1770
5.18873	1770
5.18973	1770
5.19783	1770
5.20454	1770
5.20454	1770
5.21129	1770
5.21799	1770
5.21899	1770
5.22474	1770
5.23232	1770
5.23232	1770
5.23955	1770
5.24813	1770
5.24813	1770
5.25588	1770
5.26159	1770
5.26259	1770
5.26834	1770
5.27592	1770
5.27692	1770
5.28215	1770
5.28838	1770
5.28938	1770
5.29698	1770
5.30296	1770
5.30371	1770
5.30971	1770
5.31629	1770
5.31729	1770
5.3239	1770
5.32974	1770
5.33074	1770
5.3377	1770
5.34368	1770
5.34468	1770
5.3503	1770
5.36982	1770
5.36982	1770
5.37844	1770
5.38515	1770
5.38515	1770
5.39238	1770
5.40048	1770
5.40048	1770
5.40771	1770
5.41341	1770
5.41441	1770
5.42204	1770
5.42874	1770
5.42974	1770
5.43785	1770
5.44408	1770
5.44408	1770
5.45318	1770
5.45988	1770
5.46088	1770
5.46899	1770
5.47522	1770
5.47522	1770
5.48244	1770
5.49102	1770
5.49102	1770
5.49878	1770
5.50448	1770
5.50548	1770
5.51258	1770
5.51881	1770
5.51981	1770
5.52504	1770
5.53462	1770
5.53462	1770
5.54137	1770
5.54708	1770
5.54808	1770
5.55618	1770
5.56241	1770
5.56341	1770
5.56964	1770
5.58444	1770
5.58444	1770
5.59355	1770
5.59978	1770
5.60078	1770
5.606	1770
5.61558	1770
5.61558	1770
5.62281	1770
5.63092	1770
5.63092	1770
5.63714	1770
5.64672	1770
5.64672	1770
5.65395	1770
5.66206	1770
5.66206	1770
5.66928	1770
5.67786	1770
5.67786	1770
5.68409	1770
5.6932	1770
5.6932	1770
5.70042	1770
5.709	1770
5.709	1770
5.71623	1770
5.72434	1770
5.72434	1770
5.73156	1770
5.74014	1770
5.74014	1770
5.7479	1770
5.7536	1770
5.7546	1770
5.7617	1770
5.76793	1770
5.76893	1770
5.77704	1770
5.78374	1770
5.78474	1770
5.79049	1770
5.80242	1770
5.80242	1770
5.81153	1770
5.81823	1770
5.81823	1770
5.82598	1770
5.83356	1770
5.83356	1770
5.84267	1770
5.8489	1770
5.8499	1770
5.858	1770
5.86758	1770
5.86758	1770
5.87481	1770
5.88051	1770
5.88151	1770
5.88914	1770
5.89872	1770
5.89872	1770
5.90595	1770
5.91453	1770
5.91453	1770
5.92128	1770
5.92986	1770
5.92986	1770
5.93609	1770
5.94567	1770
5.94567	1770
5.95242	1770
5.961	1770
5.961	1770
5.96823	1770
5.97681	1770
5.97681	1770
5.98356	1770
5.99214	1770
5.99214	1770
5.99937	1770
6.00795	1770
6.00795	1770
6.0147	1770
6.02328	1770
6.02328	1770
6.03239	1770
6.03909	1770
6.03909	1770
6.04819	1770
6.05442	1770
6.05542	1770
6.06353	1770
6.07023	1770
6.07023	1770
6.07933	1770
6.08891	1770
6.08891	1770
6.09567	1770
6.10425	1770
6.10425	1770
6.11147	1770
6.12005	1770
6.12005	1770
6.12728	1770
6.13539	1770
6.13539	1770
6.14449	1770
6.15119	1770
6.15119	1770
6.15842	1770
6.16653	1770
6.16653	1770
6.17563	1770
6.18233	1770
6.18233	1770
6.19144	1770
6.19814	1770
6.19814	1770
6.20677	1770
6.21635	1770
6.21635	1770
6.22358	1770
6.23216	1770
6.23216	1770
6.23991	1770
6.24749	1770
6.24749	1770
6.25659	1770
6.2633	1770
6.2633	1770
6.2724	1770
6.27863	1770
6.27963	1770
6.28773	1770
6.29444	1770
6.29444	1770
6.30354	1770
6.31312	1770
6.31312	1770
6.32087	1770
6.32845	1770
6.32845	1770
6.33568	1770
6.34426	1770
6.34426	1770
6.35101	1770
6.35959	1770
6.35959	1770
6.3687	1770
6.3754	1770
6.3754	1770
6.38215	1770
6.39073	1770
6.39073	1770
6.39984	1770
6.40654	1770
6.40654	1770
6.41565	1770
6.42187	1770
6.42287	1770
6.43098	1770
6.44056	1770
6.44056	1770
6.44779	1770
6.45637	1770
6.45637	1770
6.46547	1770
6.4717	1770
6.4727	1770
6.4808	1770
6.48751	1770
6.48751	1770
6.49661	1770
6.50619	1770
6.50619	1770
6.51394	1770
6.51965	1770
6.52065	1770
6.52775	1770
6.53733	1770
6.53733	1770
6.54643	1770
6.55266	1770
6.55366	1770
6.56177	1770
6.56847	1770
6.56847	1770
6.57757	1770
6.58428	1770
6.58428	1770
6.59291	1770
6.60249	1770
6.60249	1770
6.60971	1770
6.61829	1770
6.61829	1770
6.62552	1770
6.63363	1770
6.63363	1770
6.64273	1982
6.64746	1982
6.64846	1982
6.65443	1982
6.65954	1982
6.66054	1982
6.66615	1982
6.67212	1982
6.67212	1982
6.67887	1982
6.68445	1982
6.68545	1982
6.69255	1982
6.69729	1982
6.69926	1982
6.70836	1982
6.71362	1982
6.71459	1982
6.72369	1982
6.7303	1982
6.73327	1982
6.7395	1982
6.74476	1982
6.74573	1982
6.75483	1982
6.76144	1982
6.76441	1982
6.77352	1982
6.77825	1982
6.78022	1982
6.78933	1982
6.79458	1982
6.79555	1982
6.80466	1982
6.80939	1982
6.81136	1982
6.82047	1982
6.82707	1982
6.83005	1982
6.8358	1982
6.84241	1982
6.84538	1982
6.85161	1982
6.85821	1982
6.86119	1982
6.87029	1982
6.87455	1982
6.87652	1982
6.88275	1982
6.886	1982
6.88897	1982
6.89808	1982
6.90281	1982
6.90478	1982
6.91053	1982
6.91427	1982
6.92011	1982
6.92634	1982
6.9306	1982
6.93257	1982
6.94167	1982
6.94541	1982
6.94838	1982
6.95748	1982
6.96174	1982
6.96706	1982
6.97281	1982
6.97655	1982
6.98239	1982
6.98862	1982
6.99523	1982
6.9982	1982
7.00731	1982
7.01156	1982
7.01353	1982
7.02264	1982
7.02637	1982
7.03222	1982
7.03845	1982
7.0427	1982
7.04803	1982
7.05378	1982
7.06039	1982
7.06336	1982
7.07246	1982
7.07619	1982
7.08204	1982
7.08827	1982
7.09253	1982
7.09785	1982
7.10408	1982
7.11133	1982
7.11318	1982
7.12041	1982
7.12864	1982
7.12964	1982
7.13674	1982
7.14445	1982
7.14545	1982
7.15393	1982
7.16025	1982
7.16125	1982
7.16961	1982
7.17659	1982
7.17859	1982
7.18507	1982
7.19392	1982
7.19492	1982
7.19902	1982
7.20575	1982
7.2066	1982
7.21283	1982
7.21709	1982
7.22241	1982
7.22816	1982
7.23389	1982
7.23774	1982
7.24685	1982
7.2517	1982
7.25355	1982
7.26265	1982
7.26703	1982
7.27223	1982
7.27799	1982
7.28372	1982
7.28757	1982
7.29379	1982
7.29805	1982
7.30337	1982
7.31248	1982
7.31786	1982
7.32206	1982
7.32781	1982
7.33354	1982
7.33739	1982
7.34362	1982
7.35895	1982
7.36556	1982
7.37053	1982
7.37676	1982
7.38137	1982
7.38634	1982
7.39344	1982
7.3967	1982
7.40167	1982
7.40877	1982
7.41251	1982
7.41835	1982
7.42458	1982
7.42831	1982
7.43416	1982
7.43904	1982
7.44365	1982
7.44862	1982
7.45437	1982
7.4561	1982
7.46195	1982
7.46818	1982
7.47143	1982
7.47776	1982
7.48686	1982
7.49012	1982
7.49509	1982
7.50219	1982
7.50593	1982
7.51177	1982
7.518	1982
7.52126	1982
7.52758	1982
7.53333	1982
7.53707	1982
7.54291	1982
7.55202	1982
7.55575	1982
7.5616	1982
7.56783	1982
7.57108	1982
7.57741	1982
7.58316	1982
7.59312	1982
7.59897	1982
7.60519	1982
7.6118	1982
7.61677	1982
7.62253	1982
7.62713	1982
7.63346	1982
7.63833	1982
7.64294	1982
7.64879	1982
7.65502	1982
7.65827	1982
7.6646	1982
7.67035	1982
7.67408	1982
7.67993	1982
7.68528	1982
7.68941	1982
7.69439	1982
7.70061	1982
7.70235	1982
7.70819	1982
7.71395	1982
7.72055	1982
7.72688	1982
7.73175	1982
7.73636	1982
7.74221	1982
7.74844	1982
7.75169	1982
7.75802	1982
7.76377	1982
7.7675	1982
7.77335	1982
7.77958	1982
7.78619	1982
7.79116	1982
7.79739	1982
7.80152	1982
7.80697	1982
7.81359	1982
7.81733	1982
7.82653	1982
7.83228	1982
7.83601	1982
7.84521	1982
7.85096	1982
7.85469	1982
7.86054	1982
7.86677	1982
7.87003	1982
7.87635	1982
7.8821	1982
7.88583	1982
7.89168	1982
7.89791	1982
7.90117	1982
7.90749	1982
7.91324	1982
7.91697	1982
7.92282	1982
7.92905	1982
7.93231	1982
7.93863	1982
7.94438	1982
7.94811	1982
7.95444	1982
7.96307	1982
7.9668	1982
7.97265	1982
7.97887	1982
7.98213	1982
7.98845	1982
7.99421	1982
7.99794	1982
8.00379	1982
8.01001	1982
8.01327	1982
8.01959	1982
8.02535	1982
8.03195	1982
8.03693	1982
8.04215	1982
8.04776	1982
8.05273	1982
8.05984	1982
8.06645	1982
8.07142	1982
8.07852	1982
8.0881	1982
8.09721	1982
8.10679	1982
8.10679	1982
8.11254	1982
8.12212	1982
8.12212	1982
8.12835	1982
8.13793	1982
8.13793	1982
8.14368	1982
8.15326	1982
8.15326	1982
8.15949	1982
8.16907	1982
8.16907	1982
8.17582	1982
8.1844	1982
8.1844	1982
8.19063	1982
8.20308	1982
8.20308	1982
8.20931	1982
8.21889	1982
8.21889	1982
8.22464	1982
8.23422	1982
8.23422	1982
8.24045	1982
8.25003	1982
8.25003	1982
8.25678	1982
8.26871	1982
8.26871	1982
8.27459	1982
8.28405	1982
8.28405	1982
8.29092	1982
8.29985	1982
8.29985	1982
8.30561	1982
8.31854	1982
8.31854	1982
8.32764	1982
8.3401	1982
8.3401	1982
8.34633	1982
8.35255	1982
8.35355	1982
8.35878	1982
8.36478	1982
8.36501	1982
8.37027	1982
8.37624	1982
8.37724	1982
8.38347	1982
8.38805	1982
8.38905	1982
8.3958	1982
8.4015	1982
8.4015	1982
8.40725	1982
8.41386	1982
8.41483	1982
8.41983	1982
8.42532	1982
8.42632	1982
8.43129	1982
8.43752	1982
8.43852	1982
8.4441	1982
8.44985	1982
8.45085	1982
8.45655	1982
8.46466	1982
8.46466	1982
8.47424	1982
8.48047	1982
8.48047	1982
8.48957	1982
8.49867	1982
8.49867	1982
8.50825	1982
8.51361	1982
8.51461	1982
8.52406	1982
8.53317	1982
8.53317	1982
8.54562	1982
8.55185	1982
8.55185	1982
8.55808	1982
8.56431	1982
8.56431	1982
8.57389	1982
8.57964	1982
8.57964	1982
8.58634	1982
8.59209	1982
8.59209	1982
8.5988	1982
8.6079	1982
8.6079	1982
8.61413	1982
8.62036	1982
8.62036	1982
8.62994	1982
8.63569	1982
8.63569	1982
8.64239	1982
8.64815	1982
8.64815	1982
8.65485	1982
8.66108	1982
8.66108	1982
8.67018	1982
8.67641	1982
8.67641	1982
8.68311	1982
8.69222	1982
8.69222	1982
8.70132	1982
8.71043	1982
8.71043	1982
8.72001	1982
8.72623	1982
8.72623	1982
8.73294	1982
8.74204	1982
8.74204	1982
8.75115	1982
8.7636	1982
8.7636	1982
8.76983	1982
8.77606	1982
8.77606	1982
8.78564	1982
8.79474	1982
8.79474	1982
8.80097	1982
8.8072	1982
8.8072	1982
8.81343	1982
8.82253	1982
8.82253	1982
8.82923	1982
8.83834	1982
8.83834	1982
8.84457	1982
8.85367	1982
8.85367	1982
8.86037	1982
8.8666	1982
8.8666	1982
8.87571	1982
8.88193	1982
8.88193	1982
8.88816	1982
8.89727	1982
8.89727	1982
8.90397	1982
8.91307	1982
8.91307	1982
8.9193	1982
8.92841	1982
8.92841	1982
8.93799	1982
8.94709	1982
8.94709	1982
8.95379	1982
8.95955	1982
8.96055	1982
8.96913	1982
8.97823	1982
8.97823	1982
8.98781	1982
8.99404	1982
8.99404	1982
9.00362	1982
9.00985	1982
9.00985	1982
9.01943	1982
9.02805	1982
9.02805	1982
9.03476	1982
9.04051	1982
9.04151	1982
9.05009	1982
9.05632	1982
9.05632	1982
9.0659	1982
9.07213	1982
9.07213	1982
9.08123	1982
9.08746	1982
9.08746	1982
9.09416	1982
9.10279	1982
9.10279	1982
9.11237	1982
9.1186	1982
9.1186	1982
9.12818	1982
9.13393	1982
9.13493	1982
9.14063	1982
9.14974	1982
9.14974	1982
9.15597	1982
9.16507	1982
9.16507	1982
9.17465	1982
9.18088	1982
9.18088	1982
9.18711	1982
9.19621	1982
9.19621	1982
9.20579	1982
9.21489	1982
9.21489	1982
9.2216	1982
9.2307	1982
9.2307	1982
9.23693	1982
9.24603	1982
9.24603	1982
9.25561	1982
9.26184	1982
9.26184	1982
9.26855	1982
9.27717	1982
9.27717	1982
9.28388	1982
9.29298	1982
9.29298	1982
9.29969	1982
9.30831	1982
9.30831	1982
9.31502	1982
9.32412	1982
9.32412	1982
9.33035	1982
9.33945	1982
9.33945	1982
9.34616	1982
9.35526	1982
9.35526	1982
9.36149	1982
9.36772	1982
9.36872	1982
9.3773	1982
9.38305	1982
9.38305	1982
9.39263	1982
9.40173	1982
9.40173	1982
9.40844	1982
9.41419	1982
9.41419	1982
9.42377	1982
9.43287	1982
9.43287	1982
9.44245	1982
9.44868	1982
9.44868	1982
9.45826	1982
9.46401	1982
9.46401	1982
9.47359	1982
9.4827	1982
9.4827	1982
9.4894	1982
9.49515	1982
9.49515	1982
9.50473	1982
9.51096	1982
9.51096	1982
9.52054	1982
9.52629	1982
9.52629	1982
9.53587	1982
9.5421	1982
9.5421	1982
9.55168	1982
9.55791	1982
9.55791	1982
9.56701	1982
9.57324	1982
9.57324	1982
9.58282	1982
9.58905	1982
9.58905	1982
9.59815	1982
9.60438	1982
9.60438	1982
9.61109	1982
9.61971	1982
9.62071	1982
9.62929	1982
9.63652	1982
9.63752	1982
9.64575	1982
9.65285	1982
9.65385	1982
9.66143	1982
9.66954	1982
9.67054	1982
9.67724	1982
9.68535	1982
9.68635	1982
9.69457	1982
9.73852	1612
9.73952	1612
9.74763	1612
9.75433	1612
9.75533	1612
9.76296	1612
9.76966	1612
9.77066	1612
9.77877	1612
9.78547	1612
9.78647	1612
9.7941	1612
9.8008	1612
9.8028	1612
9.80991	1612
9.81661	1612
9.81761	1612
9.82524	1612
9.83194	1612
9.83394	1612
9.84105	1612
9.84775	1612
9.84975	1612
9.85638	1612
9.86596	1612
9.86696	1612
9.87319	1612
9.87941	1612
9.88141	1612
9.88852	1612
9.8971	1612
9.8981	1612
9.90533	1612
9.91291	1612
9.91391	1612
9.92013	1612
9.95027	1612
9.95127	1612
9.95938	1612
9.96608	1612
9.96708	1612
9.97471	1612
9.98141	1612
9.98241	1612
9.99052	1612
9.99722	1612
9.99822	1612
10.0058	1612
10.0154	1612
10.0164	1612
10.0237	1612
10.0294	1612
10.0314	1612
10.039	1612
10.0466	1612
10.0476	1612
10.0548	1612
10.0624	1612
10.0634	1612
10.0701	1612
10.0777	1612
10.0787	1612
10.0859	1612
10.0935	1612
10.0945	1612
10.1013	1612
10.1088	1612
10.1098	1612
10.1161	1612
10.1247	1612
10.1257	1612
10.1324	1612
10.1529	1612
10.1539	1612
10.1615	1612
10.1683	1612
10.1693	1612
10.1774	1612
10.1841	1612
10.1851	1612
10.1927	1612
10.2023	1612
10.2033	1612
10.2105	1612
10.2181	1612
10.2191	1612
10.2272	1612
10.2334	1612
10.2354	1612
10.2425	1612
10.2521	1612
10.2531	1612
10.2603	1612
10.2679	1612
10.2689	1612
10.2757	1612
10.2832	1612
10.2842	1612
10.2915	1612
10.299	1612
10.3	1612
10.3078	1612
10.3144	1612
10.3154	1612
10.3226	1612
10.3302	1612
10.3312	1612
10.3393	1612
10.3551	1612
10.3561	1612
10.3642	1612
10.3704	1612
10.3724	1612
10.3795	1612
10.3862	1612
10.3872	1612
10.3953	1612
10.4049	1612
10.4059	1612
10.4127	1612
10.4202	1612
10.4212	1612
10.4294	1612
10.4389	1612
10.4399	1612
10.4462	1612
10.4547	1612
10.4557	1612
10.4625	1612
10.4701	1612
10.4711	1612
10.4783	1612
10.4859	1612
10.4869	1612
10.4931	1612
10.5012	1612
10.5022	1612
10.5103	1612
10.5199	1612
10.5209	1612
10.5271	1612
10.5357	1612
10.5367	1612
10.5435	1612
10.5573	1612
10.5583	1612
10.5655	1612
10.5731	1612
10.5741	1612
10.5813	1612
10.5884	1612
10.5894	1612
10.5966	1612
10.6071	1612
10.6081	1612
10.6153	1612
10.6229	1612
10.6239	1612
10.632	1612
10.6416	1612
10.6426	1612
10.6493	1612
10.6569	1612
10.6579	1612
10.6641	1612
10.6727	1612
10.6737	1612
10.6818	1612
10.6881	1612
10.6891	1612
10.6963	1612
10.7039	1612
10.7049	1612
10.713	1612
10.7225	1612
10.7235	1612
10.7303	1612
10.7379	1612
10.7389	1612
10.747	1612
10.7599	1612
10.7609	1612
10.7677	1612
10.7752	1612
10.7762	1612
10.7835	1612
10.7911	1612
10.7921	1612
10.8002	1612
10.8097	1612
10.8107	1612
10.8188	1612
10.8251	1612
10.8261	1612
10.8342	1612
10.8438	1612
10.8448	1612
10.852	1612
10.8596	1612
10.8606	1612
10.8687	1612
10.884	1612
10.885	1612
10.8936	1612
10.8998	1612
10.9018	1612
10.9094	1612
10.9151	1612
10.9171	1612
10.9252	1612
10.9338	1612
10.9348	1612
10.9434	1612
10.9496	1612
10.9516	1612
10.9621	1612
10.9712	1612
10.9722	1612
10.9799	1612
10.987	1612
10.988	1612
10.9947	1612
11.0023	1612
11.0033	1612
11.0124	1612
11.021	1612
11.022	1612
11.0306	1612
11.0368	1612
11.0388	1612
11.0464	1612
11.0555	1612
11.0565	1612
11.0651	1612
11.0742	1612
11.0752	1612
11.0929	1612
11.102	1612
11.103	1612
11.1116	1612
11.1207	1612
11.1217	1612
11.1302	1612
11.1393	1612
11.1403	1612
11.1489	1612
11.1614	1612
11.1624	1612
11.1696	1612
11.1772	1612
11.1782	1612
11.1868	1612
11.1954	1612
11.1964	1612
11.205	1612
11.2112	1612
11.2122	1612
11.2208	1612
11.2299	1612
11.2309	1612
11.2395	1612
11.2486	1612
11.2496	1612
11.2568	1612
11.2639	1612
11.2649	1612
11.2735	1612
11.2826	1612
11.2836	1612
11.2922	1612
11.3046	1612
11.3056	1612
11.3142	1612
11.321	1612
11.323	1612
11.3295	1612
11.3358	1612
11.3378	1612
11.3453	1612
11.3511	1612
11.3531	1612
11.3612	1612
11.3698	1612
11.3708	1612
11.3775	1612
11.3832	1612
11.3852	1612
11.3928	1612
11.398	1612
11.4	1612
11.4071	1612
11.4134	1612
11.4158	1612
11.423	1612
11.4282	1612
11.4302	1612
11.4374	1612
11.4434	1612
11.4455	1612
11.4511	1612
11.4581	1612
11.4601	1612
11.4663	1612
11.4739	1612
11.4759	1612
11.481	1612
11.4882	1612
11.4902	1612
11.4963	1612
11.5039	1612
11.5059	1612
11.5118	1612
11.5184	1612
11.5204	1612
11.5269	1612
11.5338	1612
11.5348	1612
11.5411	1612
11.5486	1612
11.5496	1612
11.5561	1612
11.564	1612
11.565	1612
11.5715	1612
11.5787	1649
11.5797	1649
11.5869	1649
11.5931	1649
11.5944	1649
11.6012	1649
11.6088	1649
11.6098	1649
11.6168	1649
11.6226	1688
11.6236	1688
11.6306	1688
11.6377	1688
11.6384	1688
11.6443	1688
11.651	1688
11.652	1688
11.6596	1688
11.6656	1688
11.6666	1688
11.6735	1688
11.6784	1688
11.6794	1688
11.6855	1688
11.6908	1688
11.6918	1688
11.6968	1688
11.7019	1688
11.7029	1688
11.7075	1688
11.7134	1688
11.7144	1688
11.7197	1688
11.7243	1688
11.7253	1688
11.7303	1688
11.7365	1688
11.7375	1688
11.7426	1688
11.7478	1688
11.7488	1688
11.7534	1688
11.7594	1688
11.7594	1688
11.7654	1688
11.7708	1688
11.7717	1688
11.7767	1688
11.7828	1688
11.7828	1688
11.7885	1688
11.7935	1688
11.7948	1688
11.7998	1688
11.8059	1688
11.8059	1688
11.8111	1688
11.8163	1688
11.8173	1688
11.8225	1688
11.8275	1688
11.8282	1688
11.8341	1688
11.8399	1688
11.8406	1688
11.8456	1688
11.8503	1688
11.8513	1688
11.8579	1688
11.8629	1688
11.8639	1688
11.8681	1688
11.8734	1688
11.8744	1688
11.8796	1742
11.8858	1742
11.8858	1742
11.8918	1742
11.8967	1742
11.8967	1742
11.9026	1742
11.9074	1742
11.9084	1742
11.9131	1747
11.9181	1747
11.9191	1747
11.9242	1747
11.9294	1747
11.9304	1747
11.9357	1747
11.9403	1747
11.9413	1747
11.9462	1747
11.952	1747
11.9527	1747
11.9577	1747
11.9624	1747
11.9634	1747
11.9681	1808
11.9731	1808
11.9741	1808
11.9792	1808
11.9845	1808
11.9855	1808
11.9907	1808
11.9954	1808
11.9954	1808
12.0003	1808
12.005	1808
12.006	1808
12.0117	1808
12.0167	1808
12.0175	1808
12.0222	1808
12.0271	1808
12.0271	1808
12.0321	1808
12.0376	1808
12.0395	1808
12.0478	1808
12.0553	1808
12.0563	1808
12.0658	1808
12.0735	1808
12.0745	1808
12.0833	1808
12.0915	1808
12.0925	1808
12.1006	1808
12.109	1808
12.11	1808
12.2048	1808
12.2106	1808
12.2106	1808
12.2173	1808
12.223	1808
12.224	1808
12.2326	1808
12.2417	1808
12.2417	1808
12.2484	1808
12.2604	1808
12.2604	1808
12.2671	1808
12.2762	1808
12.2762	1808
12.2858	1808
12.2949	1808
12.2949	1808
12.3045	1808
12.3725	1808
12.3725	1808
12.3792	1808
12.3854	1808
12.3864	1808
12.3945	1808
12.4036	1808
12.4036	1808
12.4132	1808
12.4192	1808
12.4204	1808
12.4264	1808
12.4329	1808
12.4339	1808
12.4391	1808
12.4457	1808
12.4467	1808
12.4537	1808
12.4597	1808
12.4607	1808
12.4663	1808
12.4723	1808
12.4733	1808
12.4794	1808
12.4864	1808
12.4874	1808
12.4934	1808
12.4994	1808
12.5004	1808
12.5064	1808
12.5124	1808
12.5134	1808
12.5287	1808
12.5344	1808
12.5354	1808
12.5411	1808
12.548	1808
12.549	1808
12.5542	1808
12.5608	1808
12.5618	1808
12.5688	1808
12.5749	1808
12.5755	1808
12.5815	1808
12.5877	1808
12.5887	1808
12.5948	1808
12.601	1808
12.602	1808
12.6087	1808
12.6146	1808
12.6156	1808
12.6219	1808
12.628	1808
12.629	1808
12.6359	1808
12.6418	1808
12.6428	1808
12.6485	1808
12.6541	1808
12.6551	1808
12.6611	1808
12.6671	1808
12.6681	1808
12.6759	1808
12.6814	1808
12.6824	1808
12.6882	1808
12.6942	1808
12.6952	1808
12.7017	1808
12.7084	1808
12.7093	1808
12.715	1808
12.7218	1808
12.7228	1808
12.7286	1808
12.7341	1808
12.7351	1808
12.7424	1808
12.7482	1808
12.7492	1808
12.7559	1808
12.7619	1808
12.763	1808
12.7682	1808
12.7746	1808
12.7756	1808
12.782	1808
12.788	1808
12.789	1808
12.7951	1808
12.8014	1808
12.8024	1808
12.8084	1808
12.8152	1808
12.8162	1808
12.8222	1808
12.8285	1808
12.8295	1808
12.8358	1808
12.8416	1808
12.8426	1808
12.8493	1808
12.8553	1808
12.8564	1808
12.8626	1808
12.8686	1808
12.8696	1808
12.8755	1808
12.8824	1808
12.8824	1808
12.8895	1808
12.8958	1808
12.8968	1808
12.9029	1808
12.9086	1808
12.9096	1808
12.9154	1808
12.9229	1808
12.9239	1808
12.9294	1808
12.935	1808
12.936	1808
12.9427	1808
12.9487	1808
12.9498	1808
12.956	1808
12.962	1808
12.963	1808
12.9699	1808
12.9759	1808
12.9769	1808
12.9821	1808
12.9892	1808
12.9892	1808
12.9963	1808
13.003	1808
13.004	1808
13.01	1808
13.0154	1808
13.0164	1808
13.0223	1808
13.0296	1808
13.0302	1808
13.0361	1808
13.0421	1808
13.0432	1808
13.0495	1808
13.0555	1808
13.0565	1808
13.0633	1808
13.0693	1808
13.0703	1808
13.0764	1808
13.0826	1808
13.0836	1808
13.0897	1808
13.0964	1808
13.0964	1808
13.1036	1808
13.1098	1808
13.1107	1808
13.1167	1808
13.1228	1808
13.1236	1808
13.1296	1808
13.1367	1808
13.1377	1808
13.1439	1808
13.1499	1808
13.1509	1808
13.1567	1808
13.1627	1808
13.1637	1808
13.1701	1808
13.176	1808
13.177	1808
13.1831	1808
13.1898	1808
13.1908	1808
13.1968	1808
13.2032	1808
13.2032	1808
13.2102	1808
13.2163	1808
13.217	1808
13.224	1808
13.2297	1808
13.2307	1808
13.2363	1808
13.2433	1808
13.2443	1808
13.2501	1808
13.2561	1808
13.2571	1808
13.2632	1808
13.2694	1808
13.2704	1808
13.2777	1808
13.2833	1808
13.2843	1808
13.2905	1808
13.2966	1808
13.2976	1808
13.3036	1808
13.3104	1808
13.3104	1808
13.3174	1808
13.3236	1808
13.3246	1808
13.3307	1808
13.3387	1808
13.3447	1808
13.3457	1808
13.3514	1808
13.358	1808
13.359	1808
13.3642	1808
13.3709	1808
13.3719	1808
13.3782	1808
13.3844	1808
13.3854	1808
13.3916	1808
13.3982	1808
13.3982	1808
13.4077	1808
13.4137	1808
13.4199	1808
13.4206	1808
13.4266	1808
13.4323	1808
13.4333	1808
13.4399	1808
13.4705	1588
13.4715	1588
13.4782	1588
13.4855	1588
13.4865	1588
13.4936	1588
13.5025	1588
13.5094	1588
13.516	1588
13.517	1588
13.5242	1588
13.5312	1588
13.5322	1588
13.5391	1588
13.5401	1588
13.5478	1588
13.5488	1588
13.5553	1588
13.5623	1588
13.5643	1588
13.5712	1588
13.5789	1588
13.5856	1588
13.5866	1588
13.5934	1588
13.6005	1588
13.6015	1588
13.6082	1588
13.6157	1588
13.6226	1588
13.6236	1588
13.6311	1588
13.6381	1588
13.6391	1588
13.6469	1588
13.6531	1588
13.6541	1588
13.6613	1588
13.6685	1588
13.6695	1588
13.6767	1588
13.6839	1588
13.6849	1588
13.6915	1588
13.6996	1588
13.7006	1588
13.7076	1588
13.7146	1588
13.7156	1588
13.7225	1631
13.7295	1631
13.7305	1631
13.7376	1631
13.7447	1631
13.7457	1631
13.753	1631
13.7581	1631
13.7591	1631
13.7667	1631
13.7734	1631
13.7744	1631
13.781	1631
13.7887	1631
13.7897	1631
13.7966	1631
13.8032	1631
13.8042	1631
13.8118	1631
13.818	1631
13.819	1631
13.8261	1631
13.8271	1631
13.8344	1631
13.8354	1631
13.8425	1631
13.8487	1631
13.8497	1631
13.8562	1631
13.8635	1631
13.8645	1631
13.8712	1631
13.8784	1631
13.8794	1631
13.8861	1631
13.8938	1631
13.8948	1631
13.9014	1631
13.9084	1631
13.9095	1631
13.9162	1631
13.9234	1631
13.9244	1631
13.9307	1631
13.9379	1631
13.9389	1631
13.9455	1631
13.9526	1631
13.9536	1631
13.9607	1631
13.9674	1619
13.9684	1619
13.9752	1619
13.982	1619
13.9838	1619
13.9905	1619
13.9974	1619
13.9984	1619
14.0058	1619
14.0128	1619
14.0138	1619
14.0206	1619
14.0276	1619
14.0286	1619
14.036	1619
14.0424	1619
14.0434	1619
14.0508	1619
14.0578	1619
14.0588	1619
14.0656	1619
14.0724	1619
14.0734	1619
14.0801	1619
14.0872	1619
14.0882	1619
14.0954	1619
14.1049	1619
14.1059	1619
14.1112	1619
14.1207	1619
14.1217	1619
14.1275	1619
14.1361	1619
14.1371	1619
14.1452	1619
14.1543	1619
14.1553	1619
14.1615	1619
14.1682	1619
14.1692	1619
14.1765	1619
14.1836	1619
14.1846	1619
14.1925	1619
14.1984	1619
14.2056	1619
14.2066	1619
14.2142	1619
14.2237	1650
14.2296	1650
14.2306	1650
14.2377	1650
14.244	1650
14.245	1650
14.2522	1650
14.2598	1650
14.2658	1650
14.2668	1650
14.2737	1650
14.2808	1650
14.2874	1650
14.2884	1650
14.2952	1650
14.3029	1650
14.3039	1650
14.3099	1650
14.3167	1650
14.3177	1650
14.3249	1650
14.3312	1650
14.3385	1650
14.3392	1650
14.3468	1650
14.3528	1650
14.3538	1650
14.3608	1650
14.367	1650
14.3749	1650
14.3759	1650
14.3829	1650
14.3891	1650
14.3901	1650
14.3967	1650
14.4037	1650
14.4047	1650
14.4113	1650
14.4189	1650
14.4199	1650
14.4264	1650
14.4334	1650
14.4344	1650
14.4405	1650
14.4471	1650
14.4481	1650
14.4585	1650
14.4645	1650
14.4716	1650
14.4726	1650
14.4799	1650
14.5021	1472
14.5112	1472
14.5185	1472
14.5195	1472
14.527	1472
14.539	1472
14.5466	1472
14.5476	1472
14.5556	1472
14.5635	1472
14.5705	1472
14.5717	1472
14.5799	1472
14.5871	1472
14.5946	1472
14.5956	1472
14.6037	1472
14.6112	1472
14.6122	1472
14.62	1472
14.6272	1472
14.6282	1472
14.6367	1472
14.6442	1472
14.6452	1472
14.6525	1472
14.6603	1472
14.6613	1472
14.6694	1472
14.6766	1472
14.6786	1472
14.6858	1472
14.6933	1472
14.6943	1472
14.7023	1472
14.7094	1472
14.7106	1472
14.7188	1472
14.7269	1472
14.7279	1472
14.7359	1472
14.7423	1511
14.7433	1511
14.7514	1511
14.759	1511
14.76	1511
14.768	1511
14.7741	1511
14.7751	1511
14.7835	1511
14.7901	1511
14.7911	1511
14.7999	1511
14.807	1511
14.808	1511
14.8155	1511
14.8225	1511
14.8236	1511
14.8319	1511
14.8385	1511
14.8395	1511
14.8475	1511
14.8546	1511
14.8552	1511
14.8631	1511
14.8702	1511
14.8715	1511
14.88	1511
14.8863	1511
14.8873	1511
14.895	1511
14.9026	1511
14.9036	1511
14.9118	1511
14.9185	1511
14.9195	1511
14.9272	1511
14.9348	1511
14.9358	1511
14.9431	1511
14.9502	1511
14.9512	1511
14.9593	1511
14.966	1511
14.967	1511
14.9752	1511
14.9824	1511
14.9834	1511
14.9913	1511
14.9982	1511
14.9992	1511
15.0074	1511
15.0145	1511
15.0155	1511
15.0233	1511
15.0303	1511
15.0313	1511
15.0394	1511
15.047	1511
15.048	1511
15.0551	1511
15.0623	1511
15.0633	1511
15.0714	1511
15.078	1511
15.079	1511
15.087	1511
15.0948	1511
15.0958	1511
15.1038	1511
15.1106	1511
15.1116	1511
15.1195	1511
15.1269	1511
15.1279	1511
15.1358	1511
15.1429	1511
15.1439	1511
15.1515	1511
15.1587	1511
15.1597	1511
15.1673	1511
15.1744	1511
15.1754	1511
15.1836	1511
15.1908	1511
15.1915	1511
15.1995	1511
15.2066	1511
15.2078	1511
15.2158	1511
15.2226	1511
15.2246	1511
15.2316	1511
15.239	1511
15.2409	1511
15.2479	1511
15.2548	1511
15.2567	1511
15.2637	1511
15.2701	1511
15.2721	1511
15.2791	1511
15.2869	1511
15.2889	1511
15.2959	1511
15.3027	1808
15.3037	1808
15.3106	1808
15.316	1808
15.317	1808
15.3239	1808
15.3291	1808
15.3301	1808
15.3367	1808
15.3437	1808
15.3437	1808
15.3501	1808
15.3565	1808
15.3575	1808
15.3631	1808
15.3697	1808
15.3707	1808
15.3767	1808
15.3839	1808
15.3846	1808
15.3905	1808
15.3968	1808
15.3978	1808
15.4039	1808
15.4099	1808
15.4109	1808
15.4177	1808
15.4237	1808
15.4247	1808
15.4308	1808
15.4365	1808
15.4373	1808
15.4431	1808
15.4507	1808
15.4507	1808
15.4577	1808
15.4638	1808
15.4648	1808
15.4705	1808
15.4765	1808
15.4775	1808
15.4838	1808
15.4908	1808
15.4918	1808
15.4977	1808
15.5036	1808
15.5046	1808
15.5107	1808
15.517	1808
15.518	1808
15.5241	1808
15.5308	1808
15.5318	1808
15.5376	1808
15.5431	1808
15.5441	1808
15.5491	1808
15.5541	1808
15.5551	1808
15.5609	1808
15.5659	1808
15.5659	1808
15.5701	1808
15.5754	1808
15.5764	1808
15.5814	1808
15.5865	1808
15.5872	1808
15.5922	1808
15.5972	1808
15.5972	1808
15.6025	1808
15.6075	1808
15.6085	1808
15.6133	1808
15.619	1808
15.62	1808
15.625	1808
15.6291	1808
15.6301	1808
15.6353	1808
15.6403	1808
15.6403	1808
15.6454	1808
15.6501	1808
15.6511	1808
15.6569	1808
15.6615	1808
15.6625	1808
15.6674	1808
15.6727	1808
15.6727	1808
15.6779	1808
15.6822	1808
15.6832	1808
15.6888	1808
15.6937	1808
15.6947	1808
15.6994	1808
15.7044	1808
15.7044	1808
15.709	1808
15.714	1808
15.7153	1808
15.7205	1808
15.7255	1808
15.7267	1808
15.7333	1808
15.7373	1808
15.742	1808
15.7487	1808
15.7526	1808
15.7579	1808
15.7611	1808
15.7666	1808
15.7674	1808
15.774	1808
15.778	1808
15.7828	1808
15.7865	1808
15.7923	1808
15.7986	1808
15.8028	1808
15.8114	1808
15.8194	1808
15.8204	1808
15.83	1808
15.8379	1808
15.8389	1808
15.846	1808
15.8556	1808
15.8566	1808
15.8648	1818
15.8735	1818
15.8743	1818
15.8825	1818
15.8901	1846
15.8921	1846
15.9006	1846
15.9089	1846
15.9161	1846
15.9171	1846
15.9256	1888
15.9332	1888
15.9342	1888
15.9428	1917
15.951	1938
15.952	1938
15.9592	1938
15.9658	1938
15.9718	1938
15.9724	1938
15.9774	1938
15.984	1938
15.9899	1938
15.9909	1938
15.9964	1975
16.0017	1975
16.0027	1975
16.0085	1975
16.0142	1975
16.0142	1975
16.021	1983
16.0267	1983
16.0277	1983
16.0327	1983
16.0381	1983
16.0391	1983
16.046	1983
16.0502	1983
16.0515	1983
16.0578	1983
16.0625	1983
16.0635	1983
16.0698	1983
16.0759	1983
16.0759	1983
16.0819	1983
16.088	1983
16.089	1983
16.0936	1983
16.0996	1983
16.1006	1983
16.1068	1983
16.1114	1983
16.1124	1983
16.1183	1983
16.1235	1983
16.1245	1983
16.1306	1983
16.1366	1983
16.1366	1983
16.1428	1983
16.1493	1983
16.1493	1983
16.1579	1983
16.1641	1983
16.1641	1983
16.1709	1983
16.1795	1983
16.1795	1983
16.1857	1983
16.1948	1983
16.1948	1983
16.2044	1983
16.2106	1983
16.2106	1983
16.2164	1983
16.2226	1983
16.2236	1983
16.2288	1983
16.2346	1983
16.2356	1983
16.2442	1983
16.2499	1983
16.2509	1983
16.2566	1983
16.2624	1983
16.2624	1983
16.272	1983
16.2768	1983
16.2778	1983
16.2844	1983
16.2902	1983
16.2902	1983
16.2969	1983
16.306	1983
16.306	1983
16.3122	1983
16.3176	1983
16.3186	1983
16.3248	1983
16.329	1983
16.33	1983
16.3363	1983
16.3425	1983
16.3425	1983
16.3487	1983
16.3543	1983
16.3553	1983
16.3605	1983
16.3665	1983
16.3675	1983
16.372	1983
16.379	1983
16.38	1983
16.3855	1983
16.3904	1983
16.3914	1983
16.3972	1983
16.4038	1983
16.4038	1983
16.41	1983
16.4157	1983
16.4167	1983
16.4217	1983
16.4273	1983
16.4281	1983
16.433	1983
16.4401	1983
16.4401	1983
16.4464	1983
16.4555	1983
16.4555	1983
16.4622	1983
16.4679	1983
16.4689	1983
16.4775	1983
16.4837	1983
16.4837	1983
16.49	1983
16.4991	1983
16.4991	1983
16.5058	1983
16.5115	1983
16.5125	1983
16.5182	1983
16.5273	1983
16.5273	1983
16.5336	1983
16.5398	1983
16.5408	1983
16.546	1983
16.5551	1983
16.5551	1983
16.5618	1983
16.5676	1983
16.5686	1983
16.5771	1983
16.5834	1983
16.5834	1983
16.5896	1983
16.5958	1983
16.5968	1983
16.6021	1983
16.6083	1983
16.6083	1983
16.6145	1983
16.6203	1983
16.6213	1983
16.627	1983
16.6329	1983
16.6336	1983
16.6394	1983
16.6457	1983
16.6457	1983
16.6519	1983
16.6571	1983
16.6581	1983
16.6631	1983
16.6691	1983
16.6701	1983
16.6759	1983
16.6817	1983
16.6827	1983
16.6884	1983
16.6931	1983
16.6941	1983
16.7008	1983
16.7056	1983
16.7066	1983
16.7142	1983
16.7204	1983
16.7204	1983
16.7271	1983
16.7357	1983
16.7357	1983
16.7424	1983
16.7478	1983
16.7488	1983
16.7549	1983
16.764	1983
16.764	1983
16.7707	1983
16.7764	1983
16.7764	1983
16.7832	1983
16.7923	1983
16.7923	1983
16.7985	1983
16.8047	1983
16.8057	1983
16.8143	1983
16.82	1983
16.82	1983
16.8267	1983
16.833	1983
16.834	1983
16.8421	1983
16.8483	1983
16.8483	1983
16.8545	1983
16.8608	1983
16.8618	1983
16.867	1983
16.8732	1983
16.8732	1983
16.879	1983
16.8857	1983
16.8861	1983
16.8924	1983
16.8981	1983
16.8981	1983
16.9048	1983
16.9106	1983
16.912	1983
16.9164	1983
16.9222	1983
16.9232	1983
16.9284	1983
16.9355	1983
16.9355	1983
16.9417	1983
16.948	1983
16.949	1983
16.9542	1983
16.9594	1983
16.9604	1983
16.9663	1983
16.972	1983
16.973	1983
16.9788	1983
16.9845	1983
16.9845	1983
16.9902	1983
16.9969	1983
16.9979	1983
17.0021	1983
17.0083	1983
17.0093	1983
17.0142	1983
17.0207	1983
17.0217	1983
17.0277	1983
17.0329	1983
17.0339	1983
17.039	1983
17.0453	1983
17.0453	1983
17.0538	1983
17.0596	1983
17.0596	1983
17.0663	1983
17.0721	1983
17.0721	1983
17.0816	1983
17.0879	1983
17.0879	1983
17.0941	1983
17.1003	1983
17.1003	1983
17.107	1983
17.1128	1983
17.1138	1983
17.1224	1983
17.1281	1983
17.1281	1983
17.1348	1983
17.1406	1983
17.1416	1983
17.1473	1983
17.153	1983
17.153	1983
17.1597	1983
17.1655	1983
17.1665	1983
17.1722	1983
17.1779	1983
17.1789	1983
17.1875	1983
17.1933	1983
17.1933	1983
17.2	1983
17.2057	1983
17.2067	1983
17.2124	1983
17.2182	1983
17.2182	1983
17.2249	1983
17.2306	1983
17.2316	1983
17.2373	1983
17.2436	1983
17.2436	1983
17.2527	1983
17.2579	1983
17.2589	1983
17.2649	1983
17.2694	1983
17.2704	1983
17.2764	1983
17.2828	1983
17.2828	1983
17.2888	1983
17.2943	1983
17.2953	1983
17.3003	1983
17.3068	1983
17.3078	1983
17.3127	1983
17.3182	1983
17.3192	1983
17.3252	1983
17.3303	1983
17.3313	1983
17.338	1983
17.3437	1983
17.3437	1983
17.3494	1983
17.3585	1983
17.3585	1983
17.3648	1983
17.371	1983
17.371	1983
17.3772	1983
17.3863	1983
17.3863	1983
17.393	1983
17.3988	1983
17.3998	1983
17.4055	1983
17.4112	1983
17.4112	1983
17.418	1983
17.4237	1983
17.4247	1983
17.4304	1983
17.4395	1983
17.4395	1983
17.4457	1983
17.452	1983
17.453	1983
17.4582	1983
17.4644	1983
17.4644	1983
17.4707	1983
17.4769	1983
17.4779	1983
17.4836	1983
17.4893	1983
17.4893	1983
17.4956	1983
17.5047	1983
17.5047	1983
17.5142	1983
17.5205	1983
17.5205	1983
17.5267	1983
17.5358	1983
17.5358	1983
17.5425	1983
17.5474	1983
17.5484	1983
17.555	1983
17.5612	1983
17.5612	1983
17.5679	1983
17.5737	1983
17.5747	1983
17.5804	1983
17.5857	1983
17.5867	1983
17.5962	1898
17.6012	1898
17.6086	1898
17.6136	1898
17.6146	1898
17.6202	1898
17.6264	1898
17.6274	1898
17.6331	1898
17.6399	1898
17.6409	1898
17.6465	1898
17.6564	1898
17.6614	1898
17.6624	1898
17.6686	1898
17.6781	1898
17.6831	1898
17.6841	1898
17.6901	1898
17.6911	1898
17.6977	1898
17.7037	1898
17.7047	1898
17.7106	1898
17.7166	1898
17.7221	1898
17.7231	1898
17.7291	1898
17.7346	1898
17.7356	1898
17.7438	1898
17.748	1898
17.755	1898
17.756	1898
17.7615	1898
17.7674	1898
17.7684	1898
17.7745	1898
17.7803	1898
17.7813	1898
17.787	1898
17.7937	1898
17.7937	1898
17.7995	1898
17.806	1898
17.806	1898
17.8123	1898
17.8185	1898
17.8195	1898
17.8257	1898
17.8343	1898
17.8343	1898
17.8401	1898
17.8463	1898
17.8473	1898
17.8554	1767
17.8616	1767
17.8626	1767
17.8688	1767
17.8751	1767
17.8751	1767
17.8828	1767
17.8881	1767
17.8899	1767
17.8963	1767
17.9029	1767
17.9039	1767
17.9096	1767
17.9164	1767
17.9174	1767
17.9235	1767
17.9297	1767
17.9307	1767
17.9374	1767
17.9432	1767
17.9442	1767
17.9509	1767
17.9571	1767
17.9581	1767
17.9641	1767
17.9706	1767
17.9716	1767
17.9785	1767
17.9845	1767
17.9855	1767
17.9916	1767
17.9981	1767
17.9991	1767
18.0051	1767
18.0116	1767
18.0126	1767
18.0199	1767
18.0254	1767
18.0264	1767
18.0324	1767
18.0391	1767
18.0401	1767
18.0467	1767
18.0529	1767
18.0532	1767
18.0602	1767
18.0666	1767
18.0676	1767
18.0736	1767
18.0808	1767
18.0814	1767
18.0874	1767
18.0932	1767
18.0949	1767
18.1019	1767
18.1074	1767
18.1084	1767
18.1142	1767
18.1214	1767
18.1227	1767
18.1287	1767
18.1351	1767
18.1351	1767
18.1425	1767
18.1482	1767
18.1492	1767
18.1562	1767
18.162	1767
18.163	1767
18.1693	1767
18.1765	1767
18.1775	1767
18.1837	1767
18.1899	1767
18.1909	1767
18.197	1767
18.2037	1767
18.2048	1767
18.2105	1767
18.2172	1767
18.2182	1767
18.2242	1767
18.2305	1767
18.2315	1767
18.2388	1767
18.245	1767
18.246	1767
18.2512	1767
18.2584	1767
18.2594	1767
18.2659	1767
18.2714	1767
18.2724	1767
18.279	1767
18.2857	1767
18.2867	1767
18.2925	1767
18.2992	1767
18.3002	1767
18.3063	1767
18.3125	1767
18.3135	1767
18.3207	1767
18.3264	1767
18.3274	1767
18.3331	1767
18.3408	1767
18.3418	1767
18.3475	1767
18.3532	1767
18.3542	1767
18.3617	1767
18.3676	1767
18.3686	1767
18.3748	1767
18.381	1767
18.382	1767
18.3882	1767
18.3955	1767
18.3955	1767
18.4026	1767
18.4083	1767
18.4093	1767
18.416	1767
18.4227	1767
18.4237	1767
18.4297	1767
18.4361	1767
18.4361	1767
18.4437	1767
18.4496	1767
18.4506	1767
18.4571	1767
18.464	1767
18.465	1767
18.4702	1767
18.4774	1767
18.4784	1767
18.4849	1767
18.4902	1767
18.4912	1767
18.4981	1767
18.5047	1767
18.5057	1767
18.5112	1767
18.5182	1767
18.5191	1767
18.5256	1767
18.5315	1767
18.5325	1767
18.54	1767
18.5459	1767
18.5469	1767
18.5524	1767
18.5594	1767
18.5604	1767
18.5669	1767
18.5722	1767
18.5732	1767
18.5807	1767
18.5867	1767
18.5877	1767
18.5931	1767
18.6001	1767
18.6011	1767
18.6072	1767
18.6134	1767
18.6144	1767
18.6219	1767
18.6279	1767
18.6289	1767
18.6341	1983
18.6407	1983
18.6417	1983
18.6475	1983
18.6522	1983
18.6532	1983
18.6599	1983
18.6656	1983
18.6656	1983
18.6715	1983
18.678	1983
18.679	1983
18.684	1983
18.6894	1983
18.6904	1983
18.6954	1983
18.7016	1983
18.7026	1983
18.7082	1983
18.714	1983
18.715	1983
18.7207	1983
18.7254	1983
18.7264	1983
18.7321	1983
18.7381	1983
18.7394	1983
18.7444	1983
18.7505	1983
18.7515	1983
18.7567	1983
18.7629	1983
18.7639	1983
18.7691	1983
18.7744	1983
18.7754	1983
18.7814	1983
18.7862	1983
18.7872	1983
18.7932	1983
18.7997	1983
18.8006	1983
18.8056	1983
18.8111	1983
18.8121	1983
18.8171	1983
18.8232	1983
18.8242	1983
18.8304	1983
18.8357	1983
18.8367	1983
18.8429	1983
18.8471	1983
18.8481	1983
18.8547	1983
18.8607	1983
18.8607	1983
18.8662	1983
18.8721	1983
18.8731	1983
18.8786	1983
18.8836	1983
18.8846	1983
18.8886	1983
18.8931	1983
18.8931	1983
18.8981	1983
18.9021	1983
18.9031	1983
18.9085	1983
18.9123	1983
18.9133	1983
18.9173	1983
18.9228	1983
18.9238	1983
18.9278	1983
18.9323	1983
18.9323	1983
18.9373	1983
18.9415	1983
18.9425	1983
18.9478	1983
18.9518	1983
18.9528	1983
18.9562	1983
18.9612	1983
18.9622	1983
18.9664	1983
18.9717	1983
18.9717	1983
18.9767	1983
18.9809	1983
18.9812	1983
18.9861	1983
18.9901	1983
18.9914	1983
18.997	1983
19.0009	1983
19.0057	1983
19.0094	1983
19.0144	1983
19.0181	1983
19.0225	1983
19.0278	1983
19.0306	1983
19.0343	1983
19.0393	1983
19.0431	1983
19.0478	1983
19.0528	1983
19.0555	1983
19.0592	1983
19.0642	1983
19.068	1983
19.0717	1983
19.0767	1983
19.0804	1983
19.0842	1983
19.0891	1983
19.0929	1983
19.0966	1983
19.1016	1983
19.1053	1983
19.1119	1983
19.1159	1983
19.1211	1983
19.1254	1983
19.1304	1983
19.1336	1983
19.1408	1983
19.1484	1983
19.1494	1983
19.1562	1983
19.1649	1983
19.1659	1983
19.1733	1983
19.1806	1983
19.1888	1983
19.1898	1983
19.196	1983
19.2046	1983
19.2122	1983
19.2132	1983
19.2208	1983
19.2284	1983
19.2352	1983
19.2435	1983
19.2445	1983
19.2521	1983
19.2596	1983
19.2675	1983
19.2685	1983
19.277	1983
19.2832	1983
19.2842	1983
19.2924	1983
19.2989	1983
19.2989	1983
19.3049	1983
19.3104	1983
19.3113	1983
19.3167	1983
19.3228	1983
19.3238	1983
19.3281	1983
19.334	1983
19.3353	1983
19.3416	1983
19.3465	1983
19.3477	1983
19.353	1983
19.3592	1983
19.3592	1983
19.3652	1983
19.3713	1983
19.3726	1983
19.3776	1983
19.3837	1983
19.3847	1983
19.3894	1983
19.3954	1939
19.3962	1939
19.4029	1939
19.4087	1939
19.4087	1939
19.415	1939
19.4206	1939
19.4216	1939
19.4273	1939
19.4333	1939
19.4333	1939
19.4397	1939
19.4457	1939
19.447	1939
19.4527	1939
19.4577	1939
19.4583	1939
19.4643	1939
19.4705	1939
19.4715	1939
19.4773	1939
19.4825	1939
19.4835	1939
19.4891	1939
19.4959	1939
19.4969	1939
19.5021	1939
19.5071	1939
19.5087	1939
19.5147	1939
19.5201	1939
19.5211	1939
19.528	1939
19.5322	1939
19.5332	1939
19.5394	1939
19.5457	1939
19.5467	1939
19.5519	1939
19.5571	1939
19.5581	1939
19.5644	1939
19.5706	1939
19.5716	1939
19.5768	1939
19.582	1939
19.583	1939
19.5893	1939
19.5955	1939
19.5965	1939
19.6017	1939
19.608	1939
19.609	1939
19.6142	1939
19.6204	1939
19.6214	1939
19.6266	1939
19.6329	1939
19.6339	1939
19.6391	1939
19.6453	1939
19.6453	1939
19.6539	1939
19.6588	1939
19.6598	1939
19.6664	1939
19.6721	1939
19.6721	1939
19.6788	1939
19.6846	1939
19.6856	1939
19.6913	1939
19.697	1939
19.697	1939
19.7037	1939
19.71	1939
19.711	1939
19.7191	1939
19.7253	1939
19.7253	1939
19.7315	1939
19.7377	1939
19.7387	1939
19.745	1939
19.7502	1939
19.7502	1939
19.7564	1939
19.7627	1939
19.7637	1939
19.7699	1939
19.778	1939
19.778	1939
19.7847	1939
19.7904	1939
19.7904	1939
19.7971	1939
19.8029	1939
19.8039	1939
19.8096	1939
19.8187	1939
19.8187	1939
19.8249	1939
19.8312	1939
19.8312	1939
19.8374	1939
19.8436	1939
19.8446	1939
19.8508	1939
19.8561	1939
19.8561	1939
19.8623	1939
19.8685	1939
19.8695	1939
19.8758	1939
19.881	1939
19.882	1939
19.8872	1939
19.8934	1939
19.8944	1939
19.9007	1939
19.9059	1939
19.9069	1939
19.9121	1939
19.9184	1939
19.9194	1939
19.9256	1939
19.9308	1939
19.9318	1939
19.937	1939
19.9433	1939
19.9443	1939
19.9495	1939
19.9557	1939
19.9567	1939
19.9653	1939
19.9711	1939
19.9711	1939
19.9778	1939
19.9835	1939
19.9845	1939
19.9902	1939
19.996	1939
19.997	1939
