0.01	0
0.01	0
0.01	0
0.01	0
0.01	0
0.01	0
0.01	0
0.01	0
0.01	0
0.01	0
0.01	0
0.013	0
0.013	0
0.017	0
0.153796	78
0.155796	78
0.168229	379
0.179661	637
0.180661	637
0.186533	692
0.191533	692
0.192533	692
0.198533	692
0.203533	692
0.204533	692
0.210533	692
0.215533	692
0.216533	692
0.222533	692
0.228533	692
0.228533	692
0.234533	692
0.240533	692
0.241533	692
0.246533	692
0.252533	692
0.253533	692
0.258533	692
0.264533	692
0.265533	692
0.270533	692
0.276501	760
0.277501	760
0.282341	826
0.287341	826
0.287341	826
0.292341	826
0.297773	826
0.297773	826
0.302773	826
0.311421	826
0.311421	826
0.316421	826
0.321637	826
0.321637	826
0.326229	826
0.331197	826
0.331197	826
0.336197	826
0.341157	826
0.342157	826
0.348717	826
0.357805	826
0.357805	826
0.364497	826
0.376465	826
0.376465	826
0.386031	826
0.395125	826
0.395125	826
0.404691	826
0.410911	826
0.410911	826
0.423351	826
0.432445	826
0.432445	826
0.451581	826
0.463549	826
0.463549	826
0.473115	1148
0.476115	1148
0.476115	1148
0.482209	1148
0.485209	1148
0.485209	1148
0.491775	1148
0.494775	1148
0.494775	1148
0.500869	1148
0.503869	1148
0.503869	1148
0.516657	1148
0.519657	1148
0.519657	1148
0.523877	1154
0.526877	1154
0.527877	1154
0.535317	1185
0.538317	1185
0.538317	1185
0.547759	1185
0.550759	1185
0.550759	1185
0.557325	1185
0.560325	1185
0.560325	1185
0.564071	1205
0.567071	1205
0.567071	1205
0.575985	1205
0.578985	1205
0.578985	1205
0.587953	1205
0.597519	1205
0.597519	1205
0.606613	1205
0.622401	1205
0.622401	1205
0.637717	1205
0.653509	1205
0.653509	1205
0.668827	1205
0.678397	1205
0.678397	1205
0.690841	1205
0.700411	1205
0.700411	1205
0.712381	1205
0.721951	1205
0.721951	1205
0.737269	1205
0.746839	1205
0.746839	1205
0.759283	1205
0.765505	1205
0.765505	1205
0.771727	1205
0.775075	1205
0.775075	1205
0.784171	1205
0.790393	1205
0.790393	1205
0.796615	1205
0.802837	1205
0.802837	1205
0.812407	1205
0.815755	1212
0.815755	1212
0.821503	1212
0.828199	1226
0.828199	1226
0.834421	1249
0.837769	1280
0.837769	1280
0.840769	1280
0.843769	1280
0.844769	1280
0.847243	1294
0.850213	1318
0.850213	1318
0.853213	1318
0.856435	1330
0.856435	1330
0.859813	1336
0.86289	1360
0.863516	1360
0.866486	1361
0.868486	1361
0.875582	1369
0.875582	1369
0.878434	1370
0.881404	1393
0.881404	1393
0.885626	1421
0.887626	1421
0.888626	1421
0.89807	1421
0.907166	1421
0.907166	1421
0.920088	1422
0.935418	1422
0.935418	1422
0.948346	1436
0.950346	1436
0.951346	1436
0.963676	1436
0.973252	1436
0.973252	1436
0.98523	1436
0.994806	1441
0.994806	1441
1.00726	1441
1.01684	1441
1.01684	1441
1.02594	1471
1.02794	1471
1.02894	1471
1.03551	1471
1.04462	1486
1.04462	1486
1.05084	1486
1.06282	1486
1.06282	1486
1.06617	1486
1.0724	1486
1.0724	1486
1.0815	1486
1.08773	1486
1.08773	1486
1.09684	1486
1.10306	1486
1.10306	1486
1.11217	1486
1.11504	1486
1.11504	1486
1.12462	1486
1.13373	1486
1.13373	1486
1.13707	1486
1.14293	1486
1.14293	1486
1.14618	1486
1.14905	1486
1.14905	1486
1.15288	1486
1.15575	1505
1.15575	1505
1.15713	1505
1.1601	1520
1.1601	1520
1.16335	1542
1.1668	1542
1.16867	1557
1.16867	1557
1.17105	1567
1.17302	1589
1.17402	1589
1.1769	1616
1.17915	1616
1.17915	1616
1.18112	1616
1.18437	1622
1.18437	1622
1.18734	1643
1.18934	1643
1.18934	1643
1.19234	1643
1.19457	1676
1.19457	1676
1.19782	1676
1.19979	1686
1.19979	1686
1.20279	1686
1.20602	1697
1.20602	1697
1.21224	1703
1.21847	1714
1.21847	1714
1.22182	1740
1.22382	1740
1.22382	1740
1.22804	1758
1.23004	1758
1.23004	1758
1.23427	1758
1.24002	1758
1.24002	1758
1.24672	1764
1.25247	1764
1.25247	1764
1.25917	1764
1.26492	1801
1.26492	1801
1.26629	1801
1.26826	1827
1.26826	1827
1.27126	1827
1.27449	1834
1.27449	1834
1.27784	1865
1.27984	1865
1.27984	1865
1.28359	1865
1.29029	1865
1.29029	1865
1.29316	1865
1.29939	1865
1.29939	1865
1.30274	1865
1.30896	1865
1.30896	1865
1.31471	1865
1.31806	1865
1.31806	1865
1.32428	1865
1.32763	1865
1.32763	1865
1.33339	1865
1.33962	1865
1.33962	1865
1.34249	1865
1.34872	1865
1.34872	1865
1.3516	1865
1.35494	1865
1.35494	1865
1.3607	1865
1.36405	1865
1.36405	1865
1.36692	1865
1.37027	1865
1.37027	1865
1.37363	1865
1.37938	1865
1.37938	1865
1.38272	1865
1.3856	1865
1.3856	1865
1.38895	1865
1.39182	1865
1.39182	1865
1.39805	1865
1.40092	1865
1.40092	1865
1.40427	1866
1.41003	1866
1.41003	1866
1.41626	1884
1.41826	1884
1.41826	1884
1.42051	1921
1.42248	1959
1.42248	1959
1.42448	1959
1.42823	2033
1.42823	2033
1.43061	2033
1.43258	2033
1.43258	2033
1.43458	2033
1.4378	2042
1.4378	2042
1.43918	2073
1.44115	2112
1.44115	2112
1.44315	2112
1.44691	2175
1.44691	2175
1.44891	2175
1.45361	2237
1.45361	2237
1.45561	2237
1.45936	2237
1.45936	2237
1.46174	2237
1.46272	2262
1.46272	2262
1.46472	2262
1.46894	2322
1.46894	2322
1.46932	2322
1.4723	2353
1.4723	2353
1.4733	2353
1.47805	2401
1.47805	2401
1.47905	2401
1.48475	2464
1.48475	2464
1.48575	2464
1.4905	2487
1.4905	2487
1.49136	2519
1.49433	2565
1.49433	2565
1.49533	2565
1.50296	2579
1.50296	2579
1.50396	2579
1.50966	2579
1.50966	2579
1.51066	2579
1.51254	2583
1.51254	2583
1.51354	2583
1.51877	2583
1.51877	2583
1.51977	2583
1.52164	2583
1.52164	2583
1.52264	2583
1.52835	2583
1.52835	2583
1.5341	2583
1.53745	2583
1.53745	2583
1.54368	2583
1.54991	2583
1.54991	2583
1.55614	2583
1.56284	2583
1.56284	2583
1.56859	2583
1.57482	2583
1.57482	2583
1.58392	2583
1.58728	2583
1.58728	2583
1.59638	2583
1.59973	2583
1.59973	2583
1.60884	2583
1.61554	2583
1.61554	2583
1.61842	2583
1.628	2583
1.628	2583
1.63375	2583
1.6371	2583
1.6371	2583
1.64333	2583
1.64956	2583
1.64956	2583
1.65578	2583
1.66201	2583
1.66201	2583
1.66489	2583
1.67159	2583
1.67159	2583
1.67734	2583
1.68405	2583
1.68405	2583
1.68731	2583
1.69028	2583
1.69651	2583
1.69651	2583
1.70647	2583
1.70747	2583
1.70945	2583
1.71567	2583
1.71567	2583
1.71903	2583
1.7219	2583
1.7219	2583
1.72573	2583
1.72611	2583
1.72909	2583
1.72909	2583
1.73244	2583
1.73579	2583
1.73617	2583
1.73617	2583
1.73915	2583
1.74015	2583
1.74538	2583
1.74538	2583
1.74638	2583
1.74638	2583
1.75114	2583
1.75114	2583
1.75252	2583
1.75449	2583
1.75449	2583
1.75737	2583
1.76072	2583
1.76072	2583
1.76158	2583
1.76456	2583
1.76594	2583
1.76791	2583
1.76791	2583
1.76829	2583
1.77126	2583
1.77414	2583
1.77414	2583
1.77797	2583
1.77835	2583
1.78133	2583
1.78133	2583
1.78708	2583
1.79043	2583
1.79043	2583
1.79129	2583
1.79426	2583
1.79714	2583
1.79714	2583
1.80337	2583
1.8071	2583
1.81007	2583
1.81007	2583
1.81295	2583
1.81381	2583
1.81581	2583
1.81678	2583
1.81678	2583
1.82052	2583
1.82152	2583
1.82387	2583
1.82487	2583
1.82685	2583
1.82685	2583
1.83307	2583
1.84503	2583
1.84701	2583
1.86046	2583
1.87282	2583
1.87479	2583
1.88725	2583
1.89983	2583
1.90183	2583
1.91404	2583
1.92649	2583
1.92849	2583
1.94195	2583
1.95341	2583
1.95514	2583
1.96859	2583
1.98058	2583
1.98255	2583
1.99593	2583
2.00766	2583
2.02002	2583
2.0325	2583
2.04587	2583
2.04723	2583
2.0598	2583
2.07227	2583
2.08537	2583
2.09718	2583
2.11061	2583
2.12272	2583
2.12834	2583
2.12934	2583
2.13367	2583
2.13867	2583
2.14225	2583
2.14625	2583
2.15135	2583
2.15561	2583
2.16046	2583
2.16419	2583
2.16819	2583
2.17304	2583
2.17704	2583
2.18114	2583
2.18687	2583
2.19072	2583
2.19572	2583
2.19572	2583
2.20082	2583
2.20456	2583
2.20556	2583
2.2094	2583
2.2134	2583
2.2144	2583
2.21851	2583
2.22351	2583
2.22351	2583
2.22862	2583
2.23284	2583
2.23384	2583
2.23784	2583
2.24195	2583
2.24295	2583
2.24695	2583
2.25197	2583
2.25197	2583
2.25694	2583
2.26094	2583
2.26157	2583
2.26557	2583
2.26957	2583
2.27057	2583
2.27467	2583
2.27967	2583
2.27967	2583
2.28478	2583
2.28841	2583
2.28941	2583
2.29341	2583
2.29741	2583
2.29852	2583
2.30252	2583
2.30747	2395
2.30847	2395
2.31247	2395
2.31721	2395
2.31821	2395
2.32297	2395
2.32732	2395
2.32832	2395
2.33208	2395
2.33784	2395
2.33884	2395
2.3432	2395
2.34796	2395
2.34896	2395
2.35371	2395
2.35707	2395
2.35807	2395
2.36383	2395
2.36759	2395
2.36859	2395
2.37347	2395
2.3787	2395
2.3787	2395
2.38332	2395
2.38817	2395
2.38817	2395
2.39304	2395
2.39827	2395
2.39827	2395
2.40327	2395
2.40885	2395
2.40985	2395
2.4136	2395
2.41833	2395
2.41931	2395
2.42331	2395
2.42844	2395
2.42989	2395
2.43389	2395
2.43889	2395
2.43989	2395
2.44387	2395
2.44847	2395
2.44947	2395
2.45445	2395
2.45805	2395
2.45905	2395
2.4649	2395
2.46878	2395
2.46903	2395
2.47401	2395
2.47801	2395
2.47923	2395
2.48446	2395
2.48934	2395
2.48934	2395
2.49404	2395
2.49904	2395
2.49904	2395
2.50462	2395
2.50937	2395
2.50937	2395
2.51463	2395
2.5196	2395
2.5206	2395
2.52421	2395
2.52918	2395
2.53018	2395
2.53467	2395
2.53964	2395
2.54064	2395
2.54425	2395
2.54925	2395
2.55009	2395
2.55597	2395
2.5592	2395
2.5602	2395
2.5652	2395
2.56978	2395
2.57078	2395
2.57553	2395
2.57926	2395
2.58026	2395
2.58523	2395
2.59081	2395
2.59081	2395
2.59581	2395
2.60082	2395
2.60082	2395
2.60579	2395
2.61002	2395
2.61002	2395
2.61525	2395
2.6206	2395
2.6216	2395
2.62583	2395
2.63058	2395
2.63158	2395
2.63531	2395
2.64029	2395
2.64129	2395
2.64542	2395
2.65087	2395
2.65187	2395
2.65687	2395
2.66085	2395
2.66185	2395
2.66645	2395
2.67043	2395
2.67143	2395
2.67618	2395
2.68088	2395
2.68188	2395
2.68663	2395
2.69046	2395
2.69146	2395
2.69621	2395
2.70147	2395
2.70147	2395
2.70644	2395
2.71167	2395
2.71167	2395
2.7169	2395
2.72151	2395
2.72151	2395
2.72648	2395
2.73123	2395
2.73223	2395
2.73693	2395
2.74193	2395
2.74269	2395
2.74604	2395
2.75104	2395
2.75204	2395
2.75652	2395
2.76149	2395
2.76285	2395
2.7671	2395
2.77107	2395
2.77207	2395
2.77756	2395
2.78153	2395
2.78253	2395
2.78766	2395
2.79163	2395
2.79263	2395
2.79786	2395
2.80209	2395
2.80209	2395
2.80709	2395
2.81267	2395
2.81267	2395
2.81742	2395
2.82215	2395
2.82215	2395
2.82713	2395
2.83288	2395
2.83361	2395
2.83758	2395
2.84246	2395
2.84371	2395
2.84769	2395
2.85291	2395
2.85391	2395
2.85717	2395
2.86249	2395
2.86349	2395
2.86872	2395
2.87272	2395
2.87347	2395
2.87821	2395
2.88218	2395
2.88305	2395
2.88831	2395
2.89276	2395
2.89376	2395
2.89851	2395
2.90374	2395
2.90374	2395
2.90835	2395
2.91332	2395
2.91332	2395
2.91807	2395
2.92377	2395
2.92377	2395
2.92877	2395
2.93335	2395
2.93335	2395
2.93835	2395
2.94336	2395
2.94436	2395
2.94833	2395
2.95356	2395
2.95456	2395
2.95879	2395
2.96367	2395
2.9644	2395
2.96837	2395
2.97312	2395
2.97498	2395
2.97983	2395
2.9837	2395
2.9847	2395
2.98993	2395
2.99393	2395
2.99493	2395
2.99941	2395
3.00339	2395
3.00426	2395
3.00999	2395
3.01497	2395
3.01497	2395
3.01972	2395
3.02442	2395
3.02442	2395
3.02917	2395
3.03453	2395
3.03453	2395
3.03975	2395
3.04401	2395
3.04598	2395
3.04998	2395
3.05456	2395
3.05556	2395
3.05956	2395
3.06405	2395
3.06505	2395
3.06902	2395
3.07463	2395
3.07563	2395
3.0806	2395
3.08435	2395
3.08535	2395
3.09058	2395
3.09458	2395
3.09581	2395
3.10006	2395
3.10491	2395
3.10591	2395
3.11061	2395
3.11561	2395
3.11561	2395
3.1201	2395
3.12507	2395
3.12507	2395
3.1302	2395
3.13517	2395
3.13517	2395
3.1404	2395
3.14563	2395
3.14663	2395
3.15063	2395
3.15521	2395
3.15621	2395
3.16096	2395
3.16569	2395
3.16667	2395
3.17067	2395
3.17577	2395
3.17677	2395
3.18077	2395
3.18525	2395
3.18625	2395
3.19123	2395
3.19545	2395
3.19645	2395
3.20168	2395
3.20556	2395
3.20656	2395
3.21126	2395
3.21526	2395
3.21602	2395
3.22175	2395
3.2266	2395
3.2266	2395
3.23182	2395
3.23682	2395
3.23682	2395
3.24105	2395
3.24628	2395
3.24628	2395
3.25189	2395
3.25686	2395
3.25786	2395
3.26161	2395
3.26632	2395
3.26732	2395
3.27132	2395
3.27642	2395
3.27742	2395
3.28142	2395
3.2869	2395
3.28788	2395
3.29288	2395
3.29648	2395
3.29746	2395
3.30246	2395
3.30621	2395
3.30794	2395
3.31291	2395
3.31604	2395
3.31704	2395
3.32204	2395
3.32724	2395
3.32724	2395
3.33247	2395
3.33747	2395
3.33747	2395
3.34208	2395
3.3478	2395
3.3478	2395
3.35254	2395
3.35751	2395
3.35851	2395
3.36212	2395
3.36796	2395
3.36884	2395
3.3721	2395
3.37707	2395
3.37807	2395
3.3823	2395
3.38752	2395
3.38852	2395
3.39388	2395
3.3971	2395
3.3981	2395
3.40386	2395
3.40759	2395
3.40859	2395
3.41356	2395
3.41769	2395
3.41866	2395
3.42366	2395
3.42815	2395
3.42815	2395
3.43312	2395
3.43873	2395
3.43873	2395
3.44358	2395
3.44845	2395
3.44845	2395
3.45316	2395
3.45816	2395
3.45816	2395
3.46364	2395
3.46849	2395
3.46949	2395
3.47374	2395
3.47872	2395
3.47972	2395
3.48394	2395
3.48817	2395
3.48917	2395
3.49305	2395
3.49875	2395
3.49975	2395
3.50488	2395
3.50886	2395
3.50986	2395
3.51408	2395
3.51831	2395
3.51931	2395
3.52431	2395
3.52889	2395
3.52989	2395
3.53464	2395
3.53938	2395
3.53938	2395
3.54435	2395
3.54945	2395
3.54945	2395
3.55445	2395
3.55906	2395
3.55906	2395
3.56478	2395
3.56952	2395
3.57052	2395
3.57449	2395
3.57962	2395
3.58059	2395
3.58459	2395
3.58982	2395
3.59008	2395
3.59405	2395
3.59905	2395
3.60066	2395
3.60563	2395
3.60976	2395
3.61076	2395
3.61508	2395
3.61996	2395
3.62096	2395
3.62519	2395
3.62919	2395
3.63019	2395
3.63577	2395
3.64052	2395
3.64052	2395
3.64525	2395
3.6501	2395
3.6501	2395
3.65533	2395
3.66033	2395
3.66033	2395
3.66581	2395
3.67066	2395
3.67152	2395
3.67549	2395
3.68024	2395
3.68162	2395
3.68559	2395
3.69082	2395
3.69182	2395
3.69508	2395
3.70005	2395
3.70105	2395
3.70563	2395
3.71063	2395
3.71138	2395
3.71611	2395
3.72008	2395
3.72108	2395
3.72622	2395
3.73019	2395
3.73119	2395
3.73642	2395
3.74064	2395
3.74164	2395
3.74635	2395
3.75122	2395
3.75122	2395
3.75645	2395
3.76145	2395
3.76145	2395
3.76606	2395
3.77178	2395
3.77178	2395
3.77652	2395
3.78149	2395
3.78249	2395
3.78659	2395
3.79159	2395
3.79259	2395
3.79608	2395
3.80105	2395
3.80205	2395
3.80666	2395
3.81163	2395
3.81263	2395
3.81776	2395
3.82109	2395
3.82635	2395
3.82732	2395
3.83132	2395
3.8369	2395
3.8379	2395
3.8419	2395
3.846	2395
3.847	2395
3.852	2395
3.85846	2346
3.86134	2346
3.86507	2346
3.87004	2346
3.87379	2346
3.87714	2346
3.88214	2346
3.88337	2346
3.88863	2346
3.89248	2346
3.89348	2346
3.89821	2346
3.90318	2346
3.90493	2346
3.90828	2346
3.91328	2346
3.91451	2346
3.91977	2346
3.92374	2346
3.92448	2346
3.92945	2346
3.93459	2346
3.93956	2346
3.93956	2346
3.94417	2346
3.94914	2346
3.95014	2346
3.95489	2346
3.95912	2346
3.96012	2346
3.96535	2346
3.9696	2346
3.97058	2346
3.97545	2346
3.98016	2346
3.98016	2346
3.98516	2346
3.99064	2346
3.99164	2346
3.99687	2346
4.00084	2346
4.00172	2346
4.00607	2346
4.01183	2346
4.01183	2346
4.01656	2346
4.02153	2346
4.02253	2346
4.02711	2346
4.03111	2346
4.03211	2346
4.03712	2346
4.04209	2346
4.04209	2346
4.0477	2346
4.05267	2346
4.05367	2346
4.05742	2346
4.06213	2346
4.06313	2346
4.06874	2346
4.07371	2346
4.07747	2346
4.07846	2346
4.08317	2346
4.0889	2346
4.0889	2346
4.09375	2346
4.0981	2346
4.0991	2346
4.10333	2346
4.10833	2346
4.10933	2346
4.11442	2346
4.11915	2346
4.12315	2346
4.12874	2346
4.13374	2346
4.13435	2346
4.13935	2346
4.14356	2346
4.14856	2346
4.15367	2346
4.15467	2346
4.15867	2346
4.15928	2378
4.16472	2378
4.16934	2378
4.17519	2378
4.17519	2378
4.18006	2378
4.18577	2378
4.18577	2378
4.1905	2378
4.19595	2378
4.19695	2378
4.2007	2378
4.2054	2378
4.2064	2378
4.21063	2378
4.21563	2378
4.21663	2378
4.22111	2378
4.22506	2378
4.22606	2378
4.23129	2378
4.23642	2378
4.23642	2378
4.24139	2378
4.246	2378
4.246	2378
4.25123	2378
4.2562	2378
4.26134	2378
4.26134	2378
4.26631	2378
4.27131	2378
4.27131	2378
4.27677	2378
4.28177	2378
4.283	2378
4.28625	2378
4.29123	2378
4.29223	2378
4.29781	2378
4.30181	2378
4.30281	2378
4.30729	2378
4.31126	2378
4.31226	2378
4.31739	2378
4.32237	2378
4.32237	2378
4.32759	2378
4.33282	2378
4.33382	2378
4.33805	2378
4.34716	2378
4.35152	2378
4.35252	2378
4.35774	2378
4.36162	2378
4.3625	2378
4.36785	2378
4.37261	2378
4.37261	2378
4.37784	2378
4.38284	2378
4.38284	2378
4.38707	2378
4.3923	2378
4.3933	2378
4.39753	2378
4.40275	2378
4.40375	2378
4.40875	2378
4.41298	2378
4.41398	2378
4.41861	2378
4.42261	2378
4.42361	2378
4.4281	2378
4.43395	2378
4.43395	2378
4.43871	2378
4.44359	2378
4.44359	2378
4.44885	2378
4.45309	2378
4.45409	2378
4.4905	2583
4.4905	2583
4.4905	2583
4.49375	2583
4.49772	2583
4.49872	2583
4.5026	2583
4.5063	2583
4.5073	2583
4.5113	2583
4.51689	2583
4.52089	2583
4.52164	2583
4.52599	2583
4.52934	2583
4.53034	2583
4.53457	2583
4.53957	2583
4.53957	2583
4.54406	2583
4.54803	2583
4.54903	2583
4.55391	2583
4.55713	2583
4.55813	2583
4.56236	2583
4.56709	2583
4.56709	2583
4.57207	2583
4.5762	2583
4.5772	2583
4.5812	2583
4.5854	2583
4.5864	2583
4.59063	2583
4.59563	2583
4.59563	2583
4.60023	2583
4.60408	2583
4.60508	2583
4.60943	2583
4.61466	2583
4.61466	2583
4.61989	2583
4.62377	2583
4.62477	2583
4.62899	2583
4.63299	2583
4.63399	2583
4.63722	2583
4.64245	2583
4.64245	2583
4.64768	2583
4.65243	2583
4.65243	2583
4.65914	2583
4.66489	2583
4.66489	2583
4.66972	2583
4.67447	2583
4.67447	2583
4.6807	2583
4.68692	2583
4.68692	2583
4.69128	2583
4.69603	2583
4.69603	2583
4.70138	2583
4.70561	2583
4.70661	2583
4.71184	2583
4.71806	2583
4.71806	2583
4.7243	2583
4.72803	2583
4.732	2583
4.733	2583
4.73775	2583
4.74346	2583
4.74346	2583
4.74921	2583
4.76837	2583
4.77172	2583
4.77272	2583
4.77572	2583
4.77848	2583
4.77948	2583
4.78371	2583
4.78659	2583
4.78759	2583
4.79329	2583
4.79904	2583
4.79904	2583
4.80527	2583
4.8115	2583
4.8115	2583
4.81576	2583
4.81873	2583
4.81973	2583
4.82349	2583
4.83019	2583
4.83019	2583
4.83594	2583
4.83977	2583
4.83977	2583
4.84552	2583
4.85175	2583
4.85175	2583
4.85798	2583
4.86133	2583
4.86133	2583
4.86708	2583
4.87043	2583
4.87143	2583
4.87469	2583
4.87766	2583
4.87866	2583
4.88192	2583
4.88577	2583
4.88577	2583
4.8895	2583
4.89247	2583
4.89347	2583
4.89635	2583
4.90157	2583
4.90157	2583
4.9078	2583
4.91403	2583
4.91403	2583
4.91891	2583
4.92361	2583
4.92361	2583
4.92749	2583
4.93271	2583
4.93271	2583
4.93894	2583
4.94229	2583
4.94229	2583
4.94805	2583
4.95475	2583
4.95475	2583
4.9605	2583
4.96385	2583
4.96485	2583
4.97008	2583
4.97631	2583
4.97631	2583
4.98254	2583
4.98589	2583
4.98689	2583
4.99164	2583
4.99835	2583
4.99835	2583
5.0041	2583
5.0108	2583
5.0108	2583
5.01656	2583
5.01943	2583
5.02043	2583
5.02614	2583
5.03189	2583
5.03189	2583
5.03572	2583
5.04147	2583
5.04147	2583
5.05345	2583
5.06015	2583
5.06015	2583
5.06641	2583
5.07213	2583
5.07313	2583
5.07984	2583
5.08459	2583
5.08544	2583
5.09142	2583
5.09717	2583
5.09842	2583
5.1044	2583
5.109	2583
5.11	2583
5.11673	2583
5.12243	2583
5.12343	2583
5.12956	2583
5.13441	2583
5.13541	2583
5.14112	2583
5.14725	2583
5.14825	2583
5.15448	2583
5.15932	2583
5.1607	2583
5.16693	2583
5.17216	2583
5.17316	2583
5.17939	2378
5.18336	2378
5.18424	2378
5.18997	2378
5.19394	2378
5.19494	2378
5.19907	2378
5.20404	2378
5.20404	2378
5.20962	2378
5.21462	2378
5.21462	2378
5.21911	2378
5.22408	2378
5.22596	2378
5.22921	2378
5.23418	2378
5.23518	2378
5.24041	2378
5.24464	2378
5.24564	2378
5.25087	2378
5.25412	2378
5.25512	2378
5.26097	2378
5.26568	2378
5.26568	2378
5.27068	2378
5.27578	2378
5.27678	2378
5.28078	2378
5.28526	2378
5.28626	2378
5.29024	2378
5.29546	2378
5.29646	2378
5.30169	2378
5.30504	2378
5.30604	2378
5.31127	2378
5.31502	2378
5.31602	2378
5.32173	2378
5.32673	2378
5.32673	2378
5.33183	2378
5.33609	2378
5.33706	2378
5.34194	2378
5.34664	2378
5.34764	2378
5.35164	2378
5.35612	2378
5.35712	2378
5.3621	2378
5.36623	2378
5.36723	2378
5.37255	2378
5.37743	2378
5.37743	2378
5.38266	2378
5.38788	2378
5.38788	2378
5.39214	2378
5.39737	2378
5.39837	2378
5.40237	2378
5.40757	2378
5.40857	2378
5.4128	2378
5.4178	2378
5.41802	2378
5.4234	2378
5.42725	2378
5.4286	2378
5.43383	2378
5.43883	2378
5.43883	2378
5.44396	2378
5.44829	2378
5.44829	2378
5.45342	2378
5.45839	2378
5.45939	2378
5.464	2378
5.46897	2378
5.46997	2378
5.47372	2378
5.47843	2378
5.47943	2378
5.48456	2378
5.48853	2378
5.48953	2378
5.49414	2378
5.49911	2378
5.49911	2378
5.50486	2378
5.50957	2378
5.50957	2378
5.51432	2378
5.51967	2378
5.52067	2378
5.5249	2378
5.52916	2378
5.53013	2378
5.53513	2378
5.53971	2378
5.54071	2378
5.54546	2378
5.54919	2378
5.55019	2378
5.55516	2378
5.5603	2378
5.5603	2378
5.56527	2378
5.5705	2378
5.5705	2378
5.57572	2378
5.58033	2378
5.58133	2378
5.5853	2378
5.59006	2378
5.59106	2378
5.59676	2378
5.60076	2378
5.60151	2378
5.60686	2378
5.61012	2378
5.61109	2378
5.61609	2378
5.62167	2378
5.62167	2378
5.62642	2378
5.63116	2378
5.63116	2378
5.63613	2378
5.64126	2378
5.64223	2378
5.64623	2378
5.65184	2378
5.65284	2378
5.65757	2378
5.6613	2378
5.6623	2378
5.66727	2378
5.6714	2378
5.6724	2378
5.67737	2378
5.68298	2378
5.68298	2378
5.68783	2378
5.69244	2378
5.69344	2378
5.69741	2378
5.70254	2378
5.70354	2378
5.70751	2378
5.71212	2378
5.71312	2378
5.71897	2378
5.72285	2378
5.72358	2378
5.72855	2378
5.7323	2378
5.73368	2378
5.73865	2378
5.74326	2378
5.74326	2378
5.74811	2378
5.75399	2378
5.75472	2378
5.75869	2378
5.76344	2378
5.7643	2378
5.76827	2378
5.77302	2378
5.77402	2378
5.77925	2378
5.78325	2378
5.78425	2378
5.78983	2378
5.79458	2378
5.79458	2378
5.79931	2378
5.80416	2378
5.80416	2378
5.80942	2378
5.81439	2378
5.81539	2378
5.81962	2378
5.82485	2378
5.82572	2378
5.82907	2378
5.83407	2378
5.83507	2378
5.84065	2387
5.84441	2387
5.84526	2387
5.85026	2387
5.85411	2387
5.85511	2387
5.86021	2387
5.86521	2387
5.86521	2387
5.87079	2387
5.87555	2387
5.87555	2387
5.88028	2387
5.88513	2387
5.88613	2387
5.89038	2387
5.89523	2387
5.89623	2387
5.90093	2387
5.90593	2387
5.90669	2387
5.91107	2387
5.91539	2387
5.91627	2387
5.92152	2387
5.92537	2387
5.92637	2387
5.9311	2387
5.93607	2387
5.93607	2387
5.94118	2387
5.94618	2387
5.94618	2387
5.95166	2387
5.95651	2387
5.95651	2387
5.96124	2387
5.96621	2387
5.96721	2387
5.97135	2387
5.97632	2387
5.97732	2387
5.98155	2387
5.98677	2387
5.98765	2387
5.99238	2387
5.99635	2387
5.99735	2387
6.00249	2387
6.00646	2387
6.00746	2387
6.01269	2387
6.01791	2387
6.01791	2387
6.02227	2387
6.02749	2387
6.02749	2387
6.03263	2387
6.03707	2387
6.03807	2387
6.04283	2387
6.04705	2387
6.04805	2387
6.05293	2387
6.05763	2387
6.05863	2387
6.06377	2403
6.06774	2403
6.06874	2403
6.07335	2403
6.07732	2403
6.07832	2403
6.08307	2403
6.08777	2403
6.08877	2403
6.09365	2403
6.09788	2403
6.09888	2403
6.10311	2403
6.10746	2403
6.10846	2403
6.11359	2403
6.11856	2403
6.11856	2403
6.12379	2403
6.12802	2403
6.12802	2403
6.13337	2403
6.1386	2403
6.1386	2403
6.14335	2403
6.1487	2403
6.1487	2403
6.15331	2403
6.15831	2403
6.15831	2403
6.16303	2403
6.16874	2403
6.16974	2403
6.17361	2403
6.17884	2403
6.17984	2403
6.18384	2403
6.18845	2403
6.18945	2403
6.19317	2403
6.19891	2403
6.19988	2403
6.20375	2403
6.20801	2403
6.20998	2403
6.21398	2403
6.21856	2403
6.21956	2403
6.22431	2403
6.22869	2403
6.22969	2403
6.23489	2403
6.23815	2403
6.23915	2403
6.245	2403
6.24873	2403
6.2497	2403
6.2547	2403
6.25881	2403
6.25981	2403
6.26481	2403
6.26803	2403
6.26929	2403
6.27414	2403
6.27987	2403
6.27987	2403
6.28472	2403
6.28995	2403
6.28995	2403
6.29495	2403
6.29953	2403
6.29953	2403
6.30453	2403
6.30901	2403
6.30901	2403
6.31486	2403
6.31911	2403
6.31911	2403
6.32409	2403
6.32969	2403
6.33067	2403
6.33467	2403
6.33977	2403
6.34077	2403
6.34477	2403
6.34925	2403
6.35025	2403
6.35423	2403
6.35983	2403
6.36083	2403
6.36481	2403
6.36994	2403
6.37091	2403
6.37491	2403
6.37914	2403
6.38014	2403
6.38537	2403
6.38924	2403
6.39097	2403
6.39582	2403
6.39908	2403
6.40008	2403
6.40505	2403
6.40928	2403
6.41028	2403
6.41551	2403
6.41938	2403
6.42038	2403
6.42509	2403
6.42996	2403
6.43022	2403
6.43519	2403
6.4408	2403
6.4408	2403
6.44577	2403
6.45052	2403
6.45052	2403
6.45523	2403
6.4601	2403
6.4601	2403
6.46533	2403
6.47021	2403
6.47021	2403
6.47591	2403
6.48004	2403
6.48104	2403
6.48501	2403
6.49062	2403
6.49162	2403
6.49559	2403
6.50035	2403
6.50135	2403
6.50505	2403
6.51093	2403
6.51118	2403
6.51515	2403
6.52015	2403
6.52176	2403
6.52573	2403
6.53087	2403
6.53187	2403
6.53631	2416
6.54007	2416
6.54107	2416
6.54629	2416
6.55029	2416
6.55129	2416
6.55687	2416
6.56063	2416
6.56101	2416
6.56698	2416
6.57021	2416
6.57159	2416
6.57656	2425
6.58031	2425
6.58131	2425
6.58601	2425
6.59089	2425
6.59189	2425
6.59612	2425
6.60012	2425
6.60112	2425
6.6057	2425
6.61045	2425
6.61183	2425
6.61583	2425
6.62003	2425
6.62103	2425
6.62529	2425
6.63013	2425
6.63113	2425
6.63584	2425
6.64084	2425
6.64159	2425
6.64594	2425
6.65094	2425
6.65117	2425
6.65555	2425
6.66027	2425
6.66127	2425
6.66501	2425
6.67085	2425
6.67185	2425
6.67511	2425
6.68008	2425
6.68108	2425
6.68566	2425
6.69066	2425
6.69141	2425
6.69577	2425
6.70077	2425
6.70199	2425
6.70525	2425
6.7101	2425
6.7111	2425
6.71583	2425
6.72068	2425
6.72168	2425
6.72591	2425
6.73091	2425
6.73091	2425
6.73549	2425
6.74049	2425
6.74049	2425
6.74597	2425
6.75082	2425
6.75082	2425
6.75507	2425
6.76092	2425
6.76092	2425
6.76565	2425
6.77063	2425
6.77063	2425
6.77538	2425
6.78008	2425
6.78008	2425
6.78521	2425
6.79019	2425
6.79019	2425
6.79579	2425
6.80064	2425
6.80064	2425
6.8059	2425
6.81087	2425
6.81087	2425
6.81548	2425
6.82045	2425
6.82045	2425
6.8252	2425
6.83091	2425
6.83091	2425
6.83504	2425
6.84001	2425
6.84001	2425
6.84562	2425
6.85059	2425
6.85059	2425
6.85572	2425
6.85969	2425
6.86069	2425
6.86592	2425
6.86915	2425
6.87015	2425
6.87503	2425
6.87973	2425
6.88073	2425
6.88586	2425
6.88983	2425
6.89083	2425
6.89544	2425
6.89941	2425
6.90041	2425
6.90517	2425
6.90987	2425
6.91087	2425
6.91562	2425
6.91935	2425
6.92035	2425
6.9252	2425
6.92946	2425
6.93046	2425
6.93543	2425
6.93966	2425
6.94066	2425
6.94589	2425
6.94924	2425
6.95024	2425
6.95547	2425
6.95922	2425
6.96022	2425
6.96592	2425
6.9698	2425
6.9708	2425
6.97503	2425
6.98125	2425
6.98125	2425
6.98661	2425
6.99036	2425
6.99121	2425
6.99619	2425
7.00094	2425
7.00194	2425
7.00617	2425
7.01052	2425
7.01152	2425
7.01675	2425
7.0215	2425
7.0215	2425
7.02685	2425
7.03108	2425
7.03108	2425
7.03643	2425
7.04018	2425
7.04118	2425
7.04689	2425
7.05076	2425
7.05176	2425
7.05699	2425
7.06034	2425
7.06134	2425
7.06657	2425
7.07132	2425
7.07132	2425
7.07615	2425
7.0809	2425
7.0819	2425
7.08713	2425
7.09101	2425
7.09201	2425
7.09671	2425
7.10159	2425
7.10259	2425
7.10681	2425
7.11117	2425
7.11217	2425
7.11639	2425
7.12115	2425
7.122	2425
7.12697	2425
7.13111	2425
7.13211	2425
7.13695	2425
7.14131	2425
7.14231	2425
7.14653	2425
7.15229	2425
7.15229	2425
7.15899	2425
7.16287	2425
7.16387	2425
7.16809	2425
7.17432	2425
7.17432	2425
7.17967	2425
7.1839	2425
7.18428	2425
7.19013	2425
7.19401	2425
7.19501	2425
7.19923	2425
7.20546	2425
7.20546	2425
7.21081	2425
7.21504	2425
7.21504	2425
7.22127	2425
7.22515	2425
7.22615	2425
7.23037	2425
7.23573	2425
7.23673	2425
7.24095	2425
7.24571	2425
7.24656	2425
7.25053	2425
7.25529	2425
7.25629	2425
7.26151	2425
7.26587	2425
7.26687	2425
7.27109	2425
7.27597	2425
7.27697	2425
7.28067	2425
7.28643	2425
7.28643	2425
7.29178	2425
7.29601	2425
7.29601	2425
7.30136	2425
7.30511	2425
7.30611	2425
7.31134	2425
7.31569	2425
7.31669	2425
7.32192	2425
7.32667	2425
7.32667	2425
7.3315	2425
7.33625	2425
7.33625	2425
7.3416	2425
7.34583	2425
7.34621	2425
7.35118	2425
7.35593	2425
7.35693	2425
7.36116	2425
7.36551	2425
7.36651	2425
7.37174	2425
7.37649	2425
7.37649	2425
7.38132	2425
7.38607	2425
7.38607	2425
7.3923	2425
7.39618	2425
7.39718	2425
7.40188	2425
7.40763	2425
7.40763	2425
7.41299	2425
7.41721	2425
7.41721	2425
7.42257	2425
7.42632	2425
7.42732	2425
7.43302	2425
7.4379	2425
7.4389	2425
7.44213	2425
7.44748	2425
7.44848	2425
7.45271	2425
7.45746	2425
7.45884	2425
7.46229	2425
7.46991	2425
7.46991	2425
7.47427	2425
7.47949	2425
7.47949	2425
7.48572	2425
7.48907	2425
7.49007	2425
7.4953	2425
7.50105	2425
7.50105	2425
7.50688	2425
7.51063	2425
7.51101	2425
7.51699	2425
7.52074	2425
7.52174	2425
7.52644	2425
7.53032	2425
7.53132	2425
7.53655	2425
7.5409	2425
7.5419	2425
7.54613	2425
7.55088	2425
7.55173	2425
7.55671	2425
7.56046	2425
7.56146	2425
7.56669	2425
7.57004	2425
7.57104	2425
7.57627	2425
7.58014	2425
7.58114	2425
7.58637	2425
7.59072	2425
7.59172	2425
7.59695	2425
7.6007	2425
7.60156	2425
7.60653	2425
7.61028	2425
7.61128	2425
7.61651	2425
7.62077	2425
7.62177	2425
7.62609	2425
7.63035	2425
7.63135	2425
7.63532	2425
7.64045	2425
7.64142	2425
7.64542	2425
7.65065	2425
7.65191	2425
7.65588	2425
7.66058	2425
7.66158	2425
7.66558	2425
7.67059	2425
7.67159	2425
7.67556	2425
7.68017	2425
7.68117	2425
7.68514	2425
7.69075	2425
7.69172	2425
7.69572	2425
7.70047	2425
7.70173	2425
7.7057	2425
7.71005	2425
7.71131	2425
7.71616	2425
7.72003	2425
7.72103	2425
7.72574	2425
7.73149	2425
7.73149	2425
7.73632	2425
7.74107	2425
7.74107	2425
7.7473	2425
7.75103	2425
7.75203	2425
7.756	2425
7.76263	2425
7.76263	2425
7.76798	2425
7.77133	2425
7.77233	2425
7.77756	2425
7.78131	2425
7.78217	2425
7.78714	2425
7.79189	2425
7.79289	2425
7.79712	2425
7.80147	2425
7.80247	2425
7.8077	2425
7.81245	2425
7.81245	2425
7.81781	2425
7.82203	2425
7.82203	2425
7.82826	2425
7.83299	2425
7.83399	2425
7.83784	2425
7.84072	2425
7.84172	2425
7.84695	2425
7.8503	2425
7.8503	2425
7.85465	2425
7.8594	2425
7.8594	2425
7.86563	2425
7.86898	2425
7.86936	2425
7.87233	2425
7.87809	2425
7.87809	2425
7.88431	2425
7.88767	2425
7.88867	2425
7.89389	2425
7.89965	2425
7.89965	2425
7.90347	2425
7.90923	2425
7.90923	2425
7.91545	2425
7.91881	2425
7.91981	2425
7.92503	2425
7.93079	2425
7.93079	2425
7.93461	2425
7.94037	2425
7.94037	2425
7.94659	2425
7.94995	2425
7.95095	2425
7.95617	2425
7.96193	2425
7.96193	2425
7.96575	2425
7.97151	2425
7.97151	2425
7.97773	2425
7.98109	2425
7.98109	2425
7.98731	2425
7.99019	2425
7.99119	2425
7.99642	2425
7.99977	2425
8.00077	2425
8.006	2425
8.01175	2425
8.01175	2425
8.01558	2425
8.02133	2425
8.02133	2425
8.02756	2425
8.03091	2425
8.03191	2425
8.03714	2425
8.04289	2425
8.04289	2425
8.04672	2425
8.05247	2425
8.05247	2425
8.0587	2425
8.06157	2425
8.06257	2425
8.06828	2425
8.07403	2425
8.07403	2425
8.07838	2425
8.08361	2425
8.08361	2425
8.08796	2425
8.09271	2425
8.09271	2425
8.09607	2425
8.10229	2425
8.10229	2425
8.12433	2431
8.13008	2431
8.13194	2431
8.13791	2431
8.14392	2431
8.14492	2431
8.15024	2431
8.15647	2431
8.15747	2431
8.1636	2431
8.16905	2431
8.17005	2431
8.17703	2431
8.18338	2431
8.18464	2431
8.19061	2431
8.19619	2431
8.19719	2431
8.20394	2431
8.20917	2431
8.21017	2431
8.21678	2431
8.2235	2431
8.2235	2431
8.23021	2431
8.23446	2431
8.23546	2431
8.24043	2431
8.24404	2431
8.24504	2431
8.25001	2431
8.25477	2431
8.25502	2431
8.25999	2431
8.26435	2431
8.2656	2431
8.26957	2431
8.27471	2431
8.27571	2431
8.27915	2431
8.28491	2431
8.28591	2431
8.28913	2431
8.29487	2431
8.29584	2431
8.29984	2431
8.30447	2431
8.30585	2431
8.30982	2431
8.31417	2431
8.31517	2431
8.3193	2431
8.32401	2431
8.32401	2431
8.32998	2431
8.33473	2431
8.33473	2431
8.33996	2431
8.34469	2431
8.34469	2431
8.34966	2431
8.35477	2431
8.35477	2431
8.35977	2431
8.36487	2431
8.36487	2431
8.36975	2431
8.37445	2431
8.37445	2431
8.37945	2431
8.38445	2431
8.38445	2431
8.38916	2431
8.39313	2431
8.39413	2431
8.39989	2431
8.40362	2431
8.40459	2431
8.40959	2431
8.41369	2431
8.41469	2431
8.41969	2431
8.42318	2431
8.42418	2431
8.42915	2431
8.43338	2431
8.43438	2431
8.43961	2431
8.44348	2431
8.44448	2431
8.44919	2431
8.45319	2431
8.45494	2431
8.45867	2431
8.46364	2431
8.46464	2431
8.46877	2431
8.47375	2431
8.47475	2431
8.47897	2431
8.4832	2431
8.4842	2431
8.4882	2431
8.49378	2431
8.49478	2431
8.49891	2431
8.50389	2431
8.50489	2431
8.50849	2431
8.51334	2431
8.51434	2431
8.51822	2431
8.52392	2431
8.52392	2431
8.5288	2431
8.53303	2431
8.53303	2431
8.53863	2431
8.54363	2431
8.54363	2431
8.54874	2431
8.55371	2431
8.55371	2431
8.55832	2431
8.56329	2431
8.56329	2431
8.56842	2431
8.57327	2431
8.57327	2431
8.578	2431
8.58397	2431
8.58397	2431
8.58846	2431
8.59243	2431
8.59343	2431
8.59856	2431
8.60201	2431
8.60301	2431
8.60876	2431
8.61202	2431
8.61399	2431
8.61899	2431
8.62222	2431
8.62347	2431
8.62845	2431
8.63205	2431
8.63305	2431
8.63803	2431
8.64278	2431
8.64378	2431
8.64848	2431
8.65248	2431
8.65323	2431
8.65706	2431
8.66206	2431
8.66381	2431
8.66707	2431
8.67204	2431
8.67304	2431
8.67727	2431
8.6825	2431
8.6835	2431
8.68773	2431
8.69395	2431
8.69395	2431
8.69883	2431
8.70353	2431
8.70353	2431
8.70929	2431
8.71599	2431
8.71599	2431
8.72025	2431
8.72509	2431
8.72509	2431
8.73097	2431
8.73467	2431
8.73567	2431
8.74055	2431
8.74478	2431
8.74578	2431
8.75039	2431
8.75436	2431
8.75536	2431
8.76097	2431
8.76581	2431
8.76581	2431
8.77007	2431
8.77492	2431
8.77592	2431
8.78079	2431
8.7845	2431
8.7855	2431
8.79073	2431
8.79473	2431
8.79573	2431
8.80021	2431
8.80418	2431
8.80518	2431
8.81031	2431
8.81429	2431
8.81529	2431
8.82089	2431
8.82487	2431
8.82587	2431
8.83062	2431
8.83432	2431
8.83532	2431
8.84007	2431
8.84678	2431
8.84678	2431
8.85165	2431
8.85588	2431
8.85688	2431
8.86211	2431
8.86646	2431
8.86746	2431
8.87121	2431
8.87792	2431
8.87792	2431
8.88279	2431
8.88702	2431
8.88702	2431
8.89325	2431
8.89948	2431
8.89948	2431
8.90435	2431
8.90906	2431
8.90906	2431
8.91481	2431
8.92151	2431
8.92151	2431
8.92639	2431
8.93062	2431
8.93162	2431
8.93685	2431
8.9402	2431
8.9412	2431
8.94695	2431
8.95265	2431
8.95265	2431
8.95753	2431
8.96176	2431
8.96276	2431
8.96763	2431
8.97134	2431
8.97234	2431
8.97721	2431
8.98144	2431
8.98244	2431
8.98767	2431
8.9929	2431
8.9929	2431
8.99777	2431
9.00248	2431
9.00248	2431
9.00735	2431
9.01158	2431
9.01258	2431
9.01746	2431
9.02116	2431
9.02216	2431
9.02729	2431
9.03127	2431
9.03227	2431
9.03787	2431
9.04272	2431
9.04272	2431
9.04798	2431
9.0523	2431
9.0523	2431
9.05718	2431
9.06141	2431
9.06241	2431
9.06763	2431
9.07386	2431
9.07386	2431
9.07874	2431
9.08344	2431
9.08344	2431
9.08919	2431
9.09355	2431
9.09455	2431
9.09877	2431
9.105	2431
9.105	2431
9.11088	2431
9.11458	2431
9.11558	2431
9.12033	2431
9.12704	2431
9.12704	2431
9.13291	2431
9.13614	2431
9.13714	2431
9.14202	2431
9.14672	2431
9.14772	2431
9.15285	2431
9.15683	2431
9.15783	2431
9.16205	2431
9.16728	2431
9.16728	2431
9.17351	2431
9.17786	2431
9.17886	2431
9.18261	2431
9.18932	2431
9.18932	2431
9.19419	2431
9.19842	2431
9.19942	2431
9.2043	2431
9.208	2431
9.209	2431
9.21475	2431
9.22046	2431
9.22046	2431
9.22533	2431
9.22956	2431
9.23056	2431
9.23544	2431
9.23914	2431
9.24014	2431
9.24502	2431
9.24925	2431
9.25025	2431
9.25585	2431
9.25983	2431
9.26083	2431
9.26558	2431
9.27028	2431
9.27028	2431
9.27516	2431
9.27939	2431
9.28039	2431
9.28526	2431
9.28997	2431
9.29097	2431
9.29557	2431
9.30142	2431
9.30142	2431
9.3063	2431
9.31053	2431
9.31153	2431
9.31675	2431
9.32011	2431
9.32111	2431
9.32624	2431
9.33256	2431
9.33256	2431
9.33744	2431
9.34167	2431
9.34267	2431
9.34789	2431
9.35125	2431
9.35225	2431
9.358	2431
9.3637	2431
9.3637	2431
9.36858	2431
9.37281	2431
9.37381	2431
9.37903	2431
9.38339	2431
9.38439	2431
9.38814	2431
9.39484	2431
9.39484	2431
9.40059	2431
9.40495	2431
9.40595	2431
9.41017	2431
9.4164	2431
9.4164	2431
9.42128	2431
9.42598	2431
9.42698	2431
9.43186	2431
9.43509	2431
9.43609	2431
9.44131	2431
9.44754	2431
9.44754	2431
9.45242	2431
9.45712	2431
9.45712	2431
9.463	2431
9.46623	2431
9.46723	2431
9.4721	2431
9.47681	2431
9.47781	2431
9.48294	2431
9.48691	2431
9.48791	2431
9.49214	2431
9.49737	2431
9.49737	2431
9.50224	2431
9.50695	2431
9.50795	2431
9.51282	2431
9.51605	2431
9.51705	2431
9.52228	2431
9.52851	2431
9.52851	2431
9.53338	2431
9.53809	2431
9.53809	2431
9.54384	2431
9.54719	2431
9.54819	2431
9.55342	2431
9.55965	2431
9.55965	2431
9.56452	2431
9.56923	2431
9.56923	2431
9.57498	2431
9.57833	2431
9.57933	2431
9.58456	2431
9.59079	2431
9.59079	2431
9.59566	2431
9.60037	2431
9.60037	2431
9.60612	2431
9.61047	2431
9.61147	2431
9.6157	2431
9.62193	2431
9.62193	2431
9.62628	2431
9.63151	2431
9.63151	2431
9.63726	2431
9.64396	2431
9.64396	2431
9.64884	2431
9.65307	2431
9.65307	2431
9.65894	2431
9.66265	2431
9.66365	2431
9.6684	2431
9.6751	2431
9.6751	2431
9.68098	2431
9.68421	2431
9.68521	2431
9.69008	2431
9.69479	2431
9.69579	2431
9.70092	2431
9.70489	2431
9.70589	2431
9.7105	2431
9.71447	2431
9.71547	2431
9.72022	2431
9.72493	2431
9.72593	2431
9.7308	2431
9.73403	2431
9.73503	2431
9.74064	2431
9.74461	2431
9.74561	2431
9.74936	2431
9.75607	2431
9.75607	2431
9.76194	2431
9.76517	2431
9.76617	2431
9.7714	2431
9.77575	2431
9.77675	2431
9.78188	2431
9.78721	2431
9.78721	2431
9.79208	2431
9.79631	2431
9.79731	2431
9.80254	2431
9.80689	2431
9.80789	2431
9.81202	2431
9.81835	2431
9.81835	2431
9.82322	2431
9.82745	2431
9.82845	2431
9.83368	2431
9.83703	2431
9.83803	2431
9.84316	2431
9.84949	2431
9.84949	2431
9.85436	2431
9.85859	2431
9.85959	2431
9.86482	2431
9.86817	2431
9.86917	2431
9.87478	2431
9.88063	2431
9.88063	2431
9.8855	2431
9.88973	2431
9.89073	2431
9.89561	2431
9.89931	2431
9.90031	2431
9.90506	2431
9.91177	2431
9.91177	2431
9.91664	2431
9.92087	2431
9.92187	2431
9.92675	2431
9.93045	2431
9.93145	2431
9.9362	2431
9.94055	2431
9.94155	2431
9.94616	2431
9.95201	2431
9.95201	2431
9.95727	2431
9.96111	2431
9.96249	2431
9.96734	2431
9.97169	2431
9.97269	2431
9.97792	2431
9.98192	2431
9.98292	2431
9.9875	2431
9.9915	2431
9.99225	2431
9.99711	2431
10.0018	2431
10.0028	2431
10.0071	2431
10.0111	2431
10.0121	2431
10.0176	2431
10.0216	2431
10.0226	2431
10.0262	2431
10.0311	2431
10.0321	2431
10.0362	2431
10.0412	2431
10.0422	2431
10.0468	2431
10.0518	2431
10.0528	2431
10.0564	2431
10.0612	2431
10.0622	2431
10.0661	2431
10.0713	2431
10.0723	2431
10.0767	2431
10.0819	2431
10.0829	2431
10.0861	2431
10.0915	2431
10.0915	2431
10.0963	2431
10.1015	2431
10.1015	2431
10.1064	2431
10.1111	2431
10.1111	2431
10.1161	2431
10.1212	2431
10.1212	2431
10.1262	2431
10.1316	2431
10.1316	2431
10.1365	2431
10.1412	2431
10.1412	2431
10.1462	2431
10.1513	2431
10.1513	2431
10.1563	2431
10.1605	2431
10.1618	2431
10.1666	2431
10.171	2431
10.172	2431
10.1762	2431
10.1809	2431
10.1819	2431
10.1868	2431
10.1907	2431
10.1917	2431
10.1969	2431
10.2009	2431
10.2011	2431
10.2065	2431
10.2102	2431
10.2111	2431
10.2161	2431
10.2208	2431
10.2218	2431
10.2251	2431
10.2304	2431
10.2314	2431
10.2356	2431
10.2406	2431
10.2414	2431
10.2457	2431
10.2507	2431
10.2513	2431
10.2553	2431
10.2601	2431
10.2611	2431
10.2658	2431
10.2706	2431
10.2716	2431
10.2759	2431
10.2807	2431
10.2817	2431
10.2854	2431
10.2904	2431
10.2904	2431
10.295	2431
10.3	2431
10.3	2431
10.305	2431
10.3109	2431
10.3109	2431
10.3156	2431
10.3206	2431
10.3206	2431
10.3257	2431
10.3307	2431
10.3307	2431
10.3352	2431
10.3401	2431
10.3401	2431
10.3458	2431
10.3507	2431
10.3507	2431
10.3559	2431
10.3598	2431
10.3608	2431
10.3654	2431
10.3694	2431
10.3704	2431
10.3755	2454
10.3798	2454
10.3808	2454
10.3857	2454
10.3893	2454
10.3903	2454
10.3943	2454
10.3991	2454
10.4001	2454
10.4048	2464
10.4097	2464
10.4109	2464
10.4149	2464
10.4191	2464
10.4191	2464
10.4245	2464
10.4282	2464
10.4296	2464
10.4346	2464
10.4388	2464
10.4398	2464
10.444	2464
10.4489	2464
10.4499	2464
10.4536	2464
10.4585	2464
10.4595	2464
10.4637	2464
10.4681	2471
10.4681	2471
10.4733	2471
10.478	2471
10.478	2471
10.4834	2471
10.4874	2471
10.4886	2471
10.4938	2471
10.4977	2471
10.4987	2471
10.5025	2471
10.5074	2471
10.5084	2471
10.5125	2471
10.5175	2471
10.5175	2471
10.5221	2471
10.527	2471
10.5279	2471
10.5326	2471
10.5366	2471
10.5374	2471
10.5417	2471
10.5467	2471
10.547	2471
10.5513	2471
10.5562	2471
10.5562	2471
10.5619	2471
10.5668	2471
10.5668	2471
10.5716	2471
10.5758	2471
10.5768	2471
10.581	2471
10.5854	2471
10.5864	2471
10.5906	2471
10.5956	2471
10.5964	2471
10.6002	2471
10.6052	2471
10.6052	2471
10.6103	2471
10.6151	2471
10.6151	2471
10.6208	2471
10.6248	2471
10.6258	2471
10.6309	2471
10.6347	2471
10.6357	2471
10.6395	2471
10.6444	2471
10.6454	2471
10.6496	2471
10.654	2471
10.654	2471
10.6591	2471
10.6631	2471
10.6641	2471
10.6697	2471
10.6737	2471
10.6745	2471
10.6787	2471
10.6836	2471
10.6846	2471
10.6883	2471
10.6933	2471
10.6933	2471
10.6984	2471
10.7034	2471
10.7034	2471
10.709	2471
10.7129	2471
10.7139	2471
10.7184	2471
10.7224	2471
10.7234	2471
10.7272	2471
10.7325	2471
10.7335	2471
10.7371	2471
10.7421	2471
10.7421	2471
10.7472	2471
10.7522	2471
10.7522	2471
10.7574	2471
10.7617	2471
10.7626	2471
10.7675	2471
10.7712	2471
10.7722	2471
10.7761	2482
10.7813	2482
10.7823	2482
10.7866	2482
10.7916	2482
10.7916	2482
10.796	2492
10.8	2492
10.801	2492
10.8066	2492
10.8106	2492
10.8116	2492
10.8157	2492
10.8207	2492
10.8207	2492
10.8253	2492
10.8293	2492
10.8303	2492
10.8354	2492
10.8394	2492
10.8404	2492
10.844	2492
10.848	2492
10.848	2492
10.8517	2492
10.8554	2492
10.8554	2492
10.8594	2492
10.8623	2492
10.8633	2492
10.8675	2492
10.8704	2492
10.8714	2492
10.8741	2492
10.8781	2492
10.8781	2492
10.8821	2492
10.8862	2492
10.8862	2492
10.8902	2492
10.8938	2492
10.8948	2492
10.8988	2492
10.9015	2492
10.9024	2492
10.9054	2492
10.9092	2492
10.9102	2492
10.9131	2492
10.9173	2492
10.9173	2492
10.9217	2492
10.926	2492
10.926	2492
10.9299	2492
10.9327	2492
10.9331	2492
10.936	2492
10.9423	2492
10.9423	2492
10.9485	2492
10.9514	2492
10.9522	2492
10.9581	2492
10.9619	2492
10.9629	2492
10.9672	2492
10.97	2492
10.971	2492
10.9768	2492
10.9825	2492
10.9825	2492
10.9869	2492
10.9897	2492
10.9907	2492
10.9954	2492
10.9983	2492
10.9993	2492
11.0045	2492
11.0108	2492
11.0108	2492
11.0141	2492
11.0199	2492
11.0199	2492
11.0266	2492
11.0295	2492
11.0305	2492
11.0357	2492
11.0386	2492
11.0394	2492
11.0453	2492
11.0481	2492
11.0491	2492
11.0544	2492
11.0577	2492
11.0587	2492
11.0639	2492
11.0697	2492
11.0697	2492
11.073	2492
11.0793	2492
11.0793	2492
11.0836	2492
11.0898	2492
11.0908	2492
11.0967	2492
11.1023	2504
11.1033	2504
11.1084	2504
11.1147	2504
11.1157	2504
11.122	2560
11.1272	2560
11.1282	2560
11.1344	2560
11.1407	2560
11.1417	2560
11.1478	2560
11.152	2560
11.153	2560
11.1594	2560
11.1656	2561
11.1665	2561
11.1727	2561
11.1786	2561
11.1786	2561
11.1843	2565
11.1905	2605
11.1915	2605
11.1973	2605
11.2973	2615
11.2973	2615
11.3001	2615
11.3068	2615
11.3068	2615
11.3107	2615
11.3159	2615
11.3159	2615
11.3208	2615
11.3255	2615
11.3255	2615
11.3298	2629
11.3347	2643
11.3347	2643
11.3399	2643
11.3439	2643
11.3449	2643
11.3481	2643
11.3533	2643
11.3533	2643
11.3572	2643
11.3686	2643
11.3686	2643
11.373	2643
11.3782	2643
11.3782	2643
11.3844	2643
11.394	2643
11.394	2643
11.3989	2643
11.4031	2643
11.4031	2643
11.4094	2643
11.4156	2643
11.4156	2643
11.4195	2643
11.4252	2643
11.4252	2643
11.4309	2643
11.5028	2643
11.5028	2643
11.5061	2643
11.5111	2643
11.5111	2643
11.5166	2643
11.5206	2643
11.5206	2643
11.5257	2643
11.5297	2643
11.5306	2643
11.5346	2643
11.5382	2643
11.5392	2643
11.543	2643
11.5478	2643
11.5488	2643
11.5527	2643
11.5565	2643
11.5575	2643
11.5612	2643
11.5662	2643
11.5662	2643
11.5703	2643
11.5753	2643
11.5753	2643
11.5805	2643
11.5847	2643
11.5847	2643
11.5891	2643
11.5933	2643
11.5943	2643
11.5983	2643
11.6021	2643
11.6031	2643
11.6071	2643
11.6111	2643
11.6121	2643
11.6161	2643
11.6201	2643
11.6211	2643
11.6251	2643
11.6301	2643
11.6301	2643
11.6356	2643
11.6394	2643
11.6394	2643
11.6441	2643
11.648	2643
11.649	2643
11.6533	2643
11.6573	2643
11.6583	2643
11.6628	2643
11.6668	2643
11.6676	2643
11.6714	2643
11.6754	2643
11.6764	2643
11.6802	2643
11.6854	2643
11.6854	2643
11.6893	2643
11.695	2643
11.695	2643
11.6991	2643
11.7031	2643
11.7031	2643
11.7081	2643
11.7127	2643
11.7137	2643
11.7174	2643
11.7211	2643
11.7221	2643
11.7261	2643
11.7302	2643
11.7312	2643
11.7352	2643
11.7391	2643
11.7408	2643
11.7448	2643
11.7499	2643
11.7499	2643
11.7539	2643
11.7581	2643
11.7581	2643
11.7635	2643
11.7672	2643
11.7682	2643
11.773	2643
11.7769	2643
11.7779	2643
11.7811	2643
11.785	2643
11.786	2643
11.7906	2643
11.7946	2643
11.7956	2643
11.7994	2643
11.8031	2643
11.8041	2643
11.809	2643
11.8132	2643
11.8132	2643
11.8182	2643
11.8228	2643
11.8228	2643
11.8276	2643
11.8315	2643
11.8325	2643
11.8362	2643
11.8402	2643
11.8412	2643
11.8457	2643
11.8497	2643
11.8507	2643
11.8544	2643
11.8588	2643
11.8598	2643
11.8638	2643
11.8683	2643
11.8683	2643
11.8722	2643
11.8775	2643
11.8775	2643
11.8827	2643
11.8866	2643
11.8866	2643
11.8913	2643
11.8953	2643
11.8963	2643
11.9	2643
11.9047	2643
11.9057	2643
11.9097	2643
11.9135	2643
11.9142	2643
11.9182	2643
11.9221	2643
11.9231	2643
11.9273	2643
11.9323	2643
11.9323	2643
11.9368	2643
11.9417	2643
11.9417	2643
11.9463	2643
11.9503	2643
11.9513	2643
11.9551	2643
11.9598	2643
11.9608	2643
11.9648	2643
11.9689	2643
11.9699	2643
11.9739	2643
11.9771	2643
11.9781	2643
11.9823	2643
11.9873	2643
11.9873	2643
11.9916	2643
11.9968	2643
11.9968	2643
12.001	2643
12.0054	2643
12.0054	2643
12.0101	2643
12.0149	2643
12.0159	2643
12.0198	2643
12.024	2643
12.025	2643
12.0284	2643
12.0322	2643
12.0332	2643
12.0374	2643
12.0414	2643
12.0424	2643
12.0466	2643
12.0518	2643
12.0518	2643
12.0552	2643
12.0604	2643
12.0604	2643
12.0654	2643
12.0692	2643
12.0692	2643
12.0749	2643
12.0786	2643
12.079	2643
12.0835	2643
12.0875	2643
12.0882	2643
12.0925	2643
12.0964	2643
12.0974	2643
12.1017	2643
12.1059	2643
12.1069	2643
12.1109	2643
12.1155	2643
12.1155	2643
12.1204	2643
12.1242	2643
12.1242	2643
12.1299	2643
12.1339	2643
12.1347	2643
12.1384	2643
12.1424	2643
12.1434	2643
12.1471	2643
12.1515	2643
12.1525	2643
12.1565	2643
12.161	2643
12.162	2643
12.1659	2643
12.1702	2643
12.1702	2643
12.1744	2643
12.1794	2643
12.1794	2643
12.184	2643
12.1889	2643
12.1889	2643
12.1937	2643
12.1974	2643
12.1984	2643
12.2024	2643
12.2062	2643
12.2079	2643
12.2119	2643
12.2156	2643
12.2167	2643
12.2204	2643
12.2244	2643
12.2252	2643
12.2295	2643
12.2345	2643
12.2345	2643
12.2387	2643
12.2439	2643
12.2439	2643
12.2489	2643
12.2521	2643
12.2531	2643
12.2574	2643
12.2617	2643
12.2627	2643
12.2669	2643
12.2708	2643
12.2718	2643
12.2751	2643
12.2791	2643
12.2801	2643
12.2846	2643
12.2885	2643
12.2895	2643
12.2937	2643
12.2987	2643
12.2987	2643
12.3033	2643
12.3073	2643
12.3073	2643
12.3124	2643
12.3164	2643
12.3174	2643
12.321	2643
12.325	2643
12.326	2643
12.3301	2643
12.3341	2643
12.3351	2643
12.3397	2643
12.3436	2643
12.3449	2643
12.3489	2643
12.3531	2643
12.3531	2643
12.3574	2643
12.3622	2643
12.3622	2643
12.3676	2643
12.3718	2643
12.3718	2643
12.3761	2643
12.3801	2643
12.3813	2643
12.3853	2648
12.3895	2692
12.3905	2692
12.3948	2692
12.3987	2692
12.3996	2692
12.4039	2692
12.4078	2692
12.4088	2692
12.4121	2692
12.4164	2692
12.4174	2692
12.4212	2692
12.4259	2692
12.4269	2692
12.4308	2692
12.434	2692
12.435	2692
12.4399	2692
12.4436	2692
12.4446	2692
12.4486	2692
12.4523	2692
12.4537	2692
12.4577	2692
12.4615	2692
12.4623	2692
12.4662	2692
12.4702	2692
12.4714	2692
12.4753	2692
12.4793	2692
12.4803	2692
12.4849	2692
12.4888	2692
12.4898	2692
12.493	2692
12.4979	2692
12.4989	2692
12.5026	2692
12.5065	2692
12.5075	2692
12.5117	2692
12.516	2692
12.517	2692
12.5208	2692
12.5242	2692
12.5252	2692
12.5294	2692
12.5333	2692
12.5333	2692
12.5386	2692
12.5429	2692
12.5429	2692
12.5471	2692
12.5511	2692
12.5511	2692
12.5563	2692
12.5603	2692
12.5603	2692
12.5658	2692
12.5698	2692
12.5698	2692
12.5741	2692
12.5784	2692
12.5784	2692
12.5831	2692
12.5875	2692
12.5875	2692
12.5925	2692
12.596	2692
12.596	2692
12.601	2692
12.6051	2692
12.6051	2692
12.6101	2692
12.6147	2692
12.6147	2692
12.6196	2692
12.6235	2692
12.6235	2692
12.6272	2692
12.6322	2692
12.6322	2692
12.6363	2692
12.6413	2692
12.6413	2692
12.6459	2692
12.6507	2703
12.6507	2703
12.6546	2703
12.6593	2703
12.6593	2703
12.6633	2703
12.6689	2703
12.6689	2703
12.6729	2703
12.6766	2703
12.6779	2703
12.6819	2703
12.6858	2703
12.6865	2703
12.6905	2703
12.6945	2703
12.6952	2703
12.699	2703
12.703	2703
12.704	2703
12.708	2703
12.712	2703
12.713	2703
12.7174	2703
12.7216	2703
12.7226	2703
12.7268	2703
12.7308	2703
12.7318	2703
12.736	2703
12.7394	2703
12.7404	2703
12.7442	2703
12.7484	2703
12.7494	2703
12.7537	2703
12.758	2703
12.759	2703
12.763	2703
12.7666	2703
12.7675	2703
12.7715	2703
12.7753	2703
12.7763	2703
12.7805	2703
12.7845	2703
12.7845	2703
12.7891	2703
12.7931	2703
12.7931	2703
12.7987	2703
12.8027	2703
12.8027	2703
12.8074	2703
12.8117	2703
12.8117	2703
12.8157	2703
12.8202	2703
12.8202	2703
12.8242	2703
12.8298	2703
12.8298	2703
12.8338	2703
12.8386	2703
12.8386	2703
12.8428	2703
12.8468	2703
12.8478	2703
12.8514	2703
12.8554	2703
12.8564	2703
12.861	2703
12.865	2703
12.866	2703
12.8697	2703
12.8739	2703
12.8749	2703
12.8789	2703
12.8825	2703
12.8835	2703
12.8875	2703
12.8913	2703
12.892	2703
12.897	2703
12.9009	2703
12.9011	2703
12.9051	2703
12.9091	2703
12.9101	2703
12.9147	2703
12.9187	2703
12.9194	2703
12.9231	2703
12.9271	2703
12.9281	2703
12.9323	2703
12.9362	2703
12.9372	2703
12.9416	2703
12.9458	2703
12.9458	2703
12.9506	2703
12.9544	2703
12.9544	2703
12.9593	2703
12.9631	2703
12.9631	2703
12.9684	2703
12.9724	2703
12.9724	2703
12.9779	2703
12.9817	2703
12.9817	2703
12.9854	2703
12.9904	2703
12.9904	2703
12.9943	2703
12.9995	2703
12.9995	2703
13.0035	2703
13.0081	2703
13.0081	2703
13.0128	2703
13.0166	2703
13.0176	2703
13.0215	2703
13.0254	2703
13.0267	2703
13.0306	2703
13.0346	2703
13.0352	2703
13.0392	2703
13.0432	2703
13.045	2703
13.0487	2703
13.0527	2703
13.0537	2703
13.0578	2703
13.0618	2703
13.0628	2703
13.066	2703
13.0704	2703
13.0714	2703
13.0751	2703
13.0798	2703
13.0808	2703
13.0847	2703
13.0889	2703
13.0899	2703
13.0939	2703
13.0971	2703
13.0985	2703
13.1025	2703
13.1063	2703
13.1073	2703
13.112	2703
13.1158	2703
13.1158	2703
13.1201	2703
13.1241	2703
13.1241	2703
13.1297	2703
13.1337	2703
13.1337	2703
13.1384	2703
13.1421	2703
13.1421	2703
13.148	2703
13.1512	2703
13.1512	2703
13.1552	2703
13.1608	2703
13.1608	2703
13.1648	2703
13.1695	2703
13.1695	2703
13.1733	2703
13.1781	2703
13.1781	2703
13.1824	2703
13.1863	2703
13.1873	2703
13.1919	2703
13.1959	2703
13.1968	2703
13.2007	2703
13.2044	2703
13.2054	2703
13.2093	2703
13.2135	2703
13.2145	2703
13.2185	2703
13.2221	2703
13.2231	2703
13.2271	2703
13.2318	2703
13.2328	2703
13.2365	2703
13.2404	2703
13.2414	2703
13.2456	2703
13.2496	2703
13.2506	2703
13.2548	2703
13.2591	2703
13.2591	2703
13.264	2703
13.2687	2703
13.2687	2703
13.2725	2703
13.2778	2703
13.2778	2703
13.284	2703
13.2873	2703
13.2873	2703
13.2931	2703
13.2998	2703
13.2998	2703
13.3055	2703
13.3099	2703
13.3099	2703
13.3151	2703
13.3214	2703
13.3214	2703
13.3252	2703
13.3309	2703
13.3309	2703
13.3348	2703
13.34	2703
13.34	2703
13.3463	2703
13.3525	2703
13.3525	2703
13.3564	2703
13.3621	2703
13.3621	2703
13.3663	2703
13.3703	2703
13.3713	2703
13.3755	2703
13.3808	2703
13.3808	2703
13.3846	2703
13.3903	2703
13.3903	2703
13.3946	2703
13.3986	2703
13.4032	2703
13.4032	2703
13.409	2703
13.4138	2703
13.4177	2703
13.4177	2703
13.4229	2703
13.4268	2703
13.4268	2703
13.4311	2703
13.4354	2703
13.4354	2703
13.4403	2703
13.444	2703
13.444	2703
13.4483	2703
13.4532	2703
13.4575	2703
13.4575	2703
13.4627	2703
13.4666	2703
13.4666	2703
13.4713	2703
13.4752	2703
13.4795	2703
13.4795	2703
13.4845	2703
13.4881	2703
13.4881	2703
13.494	2703
13.4977	2703
13.5019	2703
13.5059	2703
13.5069	2703
13.5101	2703
13.5145	2703
13.5155	2703
13.5192	2703
13.524	2703
13.525	2703
13.5288	2703
13.5322	2703
13.5332	2703
13.5375	2703
13.5418	2703
13.5428	2703
13.5466	2703
13.5504	2703
13.5504	2703
13.5553	2703
13.5595	2703
13.5595	2703
13.5644	2703
13.5682	2703
13.5682	2703
13.5734	2703
13.5772	2703
13.5811	2703
13.5811	2703
13.5867	2703
13.5907	2703
13.5907	2703
13.5958	2703
13.5998	2703
13.5998	2703
13.604	2703
13.6103	2703
13.6103	2703
13.6165	2703
13.6227	2703
13.6227	2703
13.6266	2703
13.6318	2703
13.6318	2703
13.6352	2703
13.6395	2703
13.6405	2703
13.6443	2703
13.651	2703
13.651	2703
13.6568	2703
13.6635	2703
13.6635	2703
13.6673	2703
13.6726	2703
13.6726	2703
13.6979	2360
13.7018	2360
13.7066	2360
13.7128	2360
13.7128	2360
13.7195	2360
13.7238	2360
13.7287	2360
13.7297	2360
13.7348	2360
13.7381	2360
13.7391	2360
13.745	2360
13.7492	2360
13.7492	2360
13.7542	2360
13.7598	2360
13.7608	2360
13.7648	2360
13.7694	2360
13.7704	2360
13.7751	2360
13.7791	2360
13.7801	2360
13.7852	2360
13.791	2703
13.791	2703
13.7948	2703
13.7986	2703
13.8	2703
13.8034	2703
13.8074	2703
13.8082	2703
13.8124	2703
13.8164	2703
13.8173	2703
13.821	2703
13.826	2703
13.8269	2703
13.8306	2703
13.8346	2703
13.8356	2703
13.8394	2703
13.8431	2703
13.8441	2703
13.8481	2703
13.8522	2703
13.8532	2703
13.8575	2703
13.8615	2703
13.8656	2703
13.8666	2703
13.8706	2703
13.8743	2703
13.8753	2703
13.8791	2703
13.8831	2703
13.8877	2703
13.8887	2703
13.8926	2703
13.8964	2703
13.8974	2703
13.9016	2703
13.9055	2703
13.9065	2703
13.9107	2703
13.9147	2703
13.9157	2703
13.92	2703
13.9232	2703
13.9242	2703
13.9281	2703
13.9328	2703
13.9338	2703
13.9376	2703
13.9419	2703
13.9429	2703
13.9466	2703
13.9506	2703
13.9543	2703
13.9553	2703
13.9591	2703
13.963	2703
13.964	2703
13.9682	2703
13.9721	2703
13.9731	2703
13.9771	2703
13.9811	2703
13.9821	2703
13.9865	2703
13.9903	2703
13.9913	2703
13.9956	2703
13.9998	2703
14.0008	2703
14.0042	2703
14.0082	2703
14.0082	2703
14.0132	2703
14.0171	2703
14.0171	2703
14.0225	2703
14.0267	2703
14.0267	2703
14.0315	2703
14.0352	2703
14.0352	2703
14.0392	2703
14.044	2703
14.044	2703
14.0483	2703
14.0533	2703
14.0533	2703
14.0579	2703
14.0626	2703
14.0626	2703
14.0665	2703
14.0703	2703
14.0713	2703
14.0752	2703
14.0794	2703
14.0804	2703
14.0834	2703
14.087	2703
14.087	2703
14.091	2703
14.0941	2703
14.0941	2703
14.0986	2703
14.1016	2703
14.1016	2703
14.1052	2703
14.1082	2703
14.11	2703
14.1139	2703
14.1166	2703
14.1196	2703
14.1225	2703
14.1257	2703
14.1287	2703
14.1321	2703
14.1353	2703
14.1383	2703
14.1441	2703
14.1474	2703
14.1474	2703
14.1536	2703
14.1594	2703
14.1594	2703
14.1627	2703
14.169	2703
14.169	2703
14.1723	2703
14.1781	2703
14.1781	2703
14.1819	2703
14.1876	2703
14.1876	2703
14.1909	2703
14.1949	2703
14.2001	2703
14.2001	2703
14.2063	2703
14.2092	2703
14.2092	2703
14.2159	2703
14.2188	2703
14.2188	2703
14.2221	2703
14.2255	2703
14.2255	2703
14.2317	2703
14.2375	2703
14.2375	2703
14.2413	2703
14.2471	2703
14.2471	2703
14.2503	2703
14.2543	2703
14.2543	2703
14.2595	2703
14.2629	2703
14.2629	2703
14.2686	2703
14.2724	2703
14.2724	2703
14.2753	2703
14.2816	2703
14.2816	2703
14.2844	2703
14.2911	2703
14.2911	2703
14.294	2703
14.2984	2703
14.2984	2703
14.3036	2703
14.3069	2703
14.3069	2703
14.3127	2703
14.316	2703
14.316	2703
14.3223	2703
14.3381	2703
14.3433	2703
14.3443	2703
14.349	2703
14.355	2703
14.356	2703
14.3616	2703
14.3673	2703
14.3683	2703
14.3736	2703
14.3792	2703
14.3802	2703
14.385	2703
14.3913	2703
14.3926	2703
14.3976	2703
14.4032	2703
14.4086	2703
14.4142	2703
14.4152	2703
14.42	2703
14.4263	2703
14.4273	2703
14.4325	2703
14.4387	2703
14.4397	2703
14.4446	2703
14.4503	2703
14.4503	2703
14.456	2703
14.4636	2703
14.4636	2703
14.4698	2703
14.4737	2703
14.4737	2703
14.4794	2703
14.4837	2703
14.4837	2703
14.4876	2703
14.4924	2703
14.4924	2703
14.4963	2703
14.502	2703
14.502	2703
14.5067	2703
14.5101	2703
14.5101	2703
14.5158	2703
14.5192	2703
14.5192	2703
14.5239	2703
14.5288	2703
14.5288	2703
14.5325	2703
14.5375	2703
14.5375	2703
14.5413	2703
14.5466	2703
14.5466	2703
14.5503	2703
14.5547	2703
14.5557	2703
14.5599	2703
14.5633	2703
14.5643	2703
14.5681	2703
14.5724	2703
14.5734	2703
14.5772	2703
14.582	2703
14.583	2703
14.5862	2703
14.5902	2703
14.5912	2703
14.5958	2703
14.5998	2703
14.6008	2703
14.6044	2703
14.6083	2703
14.6093	2703
14.6132	2703
14.6174	2703
14.6184	2703
14.6222	2703
14.6313	2612
14.6322	2612
14.638	2612
14.6429	2612
14.6441	2612
14.6481	2612
14.6529	2612
14.6566	2612
14.6606	2612
14.6653	2612
14.6662	2612
14.672	2612
14.6769	2612
14.6782	2612
14.6821	2612
14.6874	2612
14.6931	2612
14.698	2612
14.7017	2612
14.7027	2612
14.7084	2612
14.7122	2612
14.7152	2612
14.7209	2612
14.7246	2612
14.7276	2612
14.7315	2612
14.7357	2612
14.7367	2612
14.7425	2612
14.7462	2612
14.7492	2612
14.7531	2612
14.7573	2612
14.7583	2612
14.7625	2612
14.7665	2612
14.7674	2612
14.7716	2612
14.7765	2612
14.7765	2612
14.7818	2612
14.7856	2612
14.7866	2612
14.7903	2612
14.7943	2612
14.7952	2612
14.7994	2612
14.8034	2612
14.8043	2612
14.8086	2612
14.8134	2612
14.8134	2612
14.8182	2612
14.8222	2612
14.824	2612
14.8272	2612
14.8312	2612
14.8321	2612
14.8363	2612
14.8403	2612
14.8412	2612
14.8459	2612
14.8508	2612
14.8508	2612
14.855	2612
14.86	2612
14.861	2612
14.8641	2612
14.8681	2612
14.8691	2612
14.8737	2612
14.8787	2612
14.8787	2612
14.8828	2612
14.8878	2612
14.8878	2612
14.8924	2612
14.8964	2612
14.8974	2612
14.902	2612
14.906	2612
14.9068	2612
14.9107	2612
14.9159	2612
14.9159	2612
14.9222	2612
14.9264	2612
14.9284	2612
14.9323	2612
14.937	2612
14.938	2612
14.9437	2612
14.9471	2612
14.9471	2612
14.9533	2612
14.9576	2612
14.9595	2612
14.9634	2612
14.9671	2612
14.972	2612
14.9759	2612
14.9796	2612
14.9816	2612
14.9854	2612
14.9897	2612
14.9907	2612
14.9969	2612
15.0003	2612
15.0031	2612
15.007	2612
15.0117	2612
15.0127	2612
15.0185	2612
15.0223	2612
15.0223	2612
15.028	2612
15.0324	2612
15.0343	2612
15.0381	2612
15.0429	2612
15.0438	2612
15.0477	2612
15.052	2612
15.0529	2612
15.0592	2612
15.0635	2612
15.0635	2612
15.0683	2612
15.0726	2612
15.0736	2612
15.0779	2612
15.0812	2612
15.0822	2612
15.087	2612
15.0918	2612
15.0918	2612
15.0965	2612
15.1008	2612
15.1028	2612
15.1066	2612
15.1104	2612
15.1124	2612
15.1162	2612
15.1205	2612
15.1215	2612
15.1277	2612
15.131	2612
15.131	2612
15.1368	2612
15.1402	2612
15.1416	2612
15.1464	2612
15.1507	2612
15.1507	2612
15.1555	2612
15.1592	2612
15.1622	2612
15.1661	2612
15.1703	2612
15.1713	2612
15.1752	2612
15.1799	2612
15.1809	2612
15.1866	2612
15.191	2612
15.191	2612
15.1962	2612
15.2005	2612
15.2005	2612
15.2053	2612
15.209	2612
15.212	2612
15.2169	2612
15.2201	2612
15.2211	2612
15.2273	2612
15.2317	2612
15.2317	2612
15.2364	2612
15.2402	2612
15.2431	2612
15.247	2612
15.2513	2612
15.2522	2612
15.2585	2612
15.2629	2612
15.2647	2612
15.2686	2612
15.2723	2612
15.2743	2612
15.2782	2612
15.2824	2612
15.2834	2612
15.2896	2612
15.294	2612
15.294	2612
15.2987	2612
15.3025	2612
15.3054	2612
15.3093	2612
15.3136	2612
15.3145	2612
15.3208	2612
15.3241	2612
15.3241	2612
15.3299	2612
15.3332	2612
15.3347	2612
15.3394	2612
15.3437	2612
15.3457	2612
15.349	2612
15.3533	2612
15.3552	2612
15.361	2612
15.3644	2612
15.3644	2612
15.3706	2612
15.3749	2612
15.3749	2612
15.3797	2612
15.3835	2612
15.3864	2612
15.3903	2612
15.3945	2612
15.3955	2612
15.3994	2612
15.4031	2612
15.4051	2612
15.4108	2612
15.4142	2612
15.4142	2612
15.4204	2612
15.4248	2612
15.4266	2612
15.4305	2612
15.4342	2612
15.4362	2612
15.4401	2612
15.4443	2612
15.4453	2612
15.4515	2612
15.4559	2612
15.4559	2612
15.4606	2612
15.464	2612
15.4655	2612
15.4702	2612
15.4745	2612
15.4765	2612
15.4803	2612
15.4841	2612
15.486	2612
15.4909	2612
15.4942	2612
15.4951	2612
15.5014	2612
15.5057	2612
15.5057	2612
15.5105	2612
15.5142	2612
15.5172	2612
15.5211	2612
15.5253	2612
15.5263	2612
15.5325	2612
15.5369	2612
15.5369	2612
15.5416	2612
15.5453	2612
15.5483	2612
15.5522	2612
15.5564	2612
15.5574	2612
15.5618	2612
15.565	2612
15.567	2612
15.5728	2612
15.5765	2612
15.5795	2612
15.5833	2612
15.5876	2612
15.5886	2612
15.5948	2612
15.5982	2612
15.601	2612
15.6072	2612
15.6116	2612
15.6116	2612
15.6163	2612
15.6207	2612
15.6231	2612
15.6279	2612
15.6312	2612
15.6322	2612
15.6384	2612
15.6426	2612
15.6446	2612
15.6508	2612
15.6542	2612
15.6542	2612
15.6599	2612
15.6637	2612
15.6666	2612
15.6705	2612
15.6748	2612
15.6758	2612
15.682	2612
15.6852	2612
15.6882	2612
15.6921	2612
15.6968	2612
15.6978	2612
15.7035	2612
15.7074	2612
15.7074	2612
15.7131	2612
15.7174	2612
15.7198	2612
15.7256	2612
15.7298	2612
15.7318	2612
15.7357	2612
15.7394	2612
15.7414	2612
15.7471	2612
15.7519	2612
15.7538	2612
15.7596	2612
15.7639	2612
15.7639	2612
15.7692	2612
15.7734	2612
15.7754	2612
15.7793	2612
15.783	2612
15.785	2612
15.7907	2612
15.7946	2612
15.8003	2612
15.8047	2612
15.8087	2612
15.8129	2612
15.8132	2612
15.8171	2612
15.8225	2612
15.8225	2612
15.8277	2612
15.8315	2612
15.8325	2612
15.8362	2612
15.8402	2612
15.841	2612
15.8458	2612
15.8497	2612
15.8544	2612
15.8583	2612
15.8623	2612
15.8665	2612
15.8675	2612
15.8727	2612
15.8765	2612
15.8804	2612
15.8814	2612
15.886	2612
15.89	2612
15.8947	2612
15.8947	2612
15.9014	2612
15.9072	2612
15.9072	2612
15.9139	2612
15.9205	2612
15.9245	2612
15.9245	2612
15.9292	2612
15.933	2612
15.934	2612
15.9388	2612
15.9455	2612
15.9455	2612
15.9512	2612
15.9608	2612
15.9646	2612
15.9646	2612
15.9695	2612
15.9742	2612
15.9781	2612
15.9781	2612
15.9839	2612
15.9896	2612
15.9896	2612
15.9935	2612
15.9992	2612
15.9992	2612
16.003	2612
16.0116	2612
16.0154	2612
16.0154	2612
16.0203	2612
16.0241	2612
16.0259	2612
16.0299	2612
16.0337	2612
16.0347	2612
16.0399	2612
16.0432	2612
16.0432	2612
16.0523	2612
16.0586	2612
16.0586	2612
16.0629	2612
16.0681	2612
16.0681	2612
16.0744	2612
16.0801	2612
16.0801	2612
16.1046	2273
16.1113	2273
16.1113	2273
16.1161	2273
16.1214	2273
16.1224	2273
16.128	2273
16.1329	2273
16.1339	2273
16.1371	2273
16.142	2273
16.1434	2273
16.1486	2273
16.1536	2273
16.1544	2273
16.1593	2273
16.165	2273
16.165	2273
16.1697	2273
16.1744	2273
16.1754	2273
16.1804	2273
16.185	2273
16.186	2273
16.1913	2273
16.1963	2273
16.1963	2273
16.2019	2273
16.2066	2273
16.2076	2273
16.2124	2273
16.2171	2273
16.2181	2273
16.2239	2273
16.2282	2273
16.2282	2273
16.2331	2273
16.2388	2273
16.2398	2273
16.2445	2273
16.2493	2273
16.2503	2273
16.255	2273
16.26	2273
16.261	2273
16.2657	2273
16.2708	2273
16.2718	2273
16.2768	2273
16.2813	2273
16.2823	2273
16.2863	2273
16.2915	2273
16.2925	2273
16.2977	2273
16.3026	2273
16.3036	2273
16.3081	2273
16.3131	2273
16.3131	2273
16.3183	2273
16.3235	2273
16.3245	2273
16.3298	2273
16.3341	2273
16.3351	2273
16.3409	2273
16.3485	2273
16.3522	2273
16.3532	2273
16.3582	2273
16.3639	2273
16.3646	2273
16.3696	2273
16.3744	2273
16.3744	2273
16.3801	2273
16.3954	2289
16.3954	2289
16.4007	2289
16.4056	2289
16.4066	2289
16.4111	2289
16.4161	2289
16.4161	2289
16.4213	2289
16.4265	2289
16.4275	2289
16.4324	2289
16.4371	2289
16.4371	2289
16.4423	2289
16.4486	2289
16.4486	2289
16.4535	2289
16.4587	2289
16.4597	2289
16.4643	2289
16.4693	2289
16.4693	2289
16.474	2289
16.4797	2289
16.4807	2289
16.4856	2289
16.4908	2289
16.4908	2289
16.495	2289
16.5013	2289
16.5013	2289
16.5062	2289
16.5119	2289
16.5129	2289
16.5176	2289
16.5233	2289
16.5233	2289
16.5282	2289
16.5334	2289
16.5344	2289
16.5396	2289
16.5449	2289
16.5449	2289
16.5511	2289
16.5555	2289
16.5565	2289
16.5612	2289
16.5669	2289
16.5679	2289
16.5727	2289
16.5794	2289
16.5794	2289
16.5842	2289
16.5895	2289
16.5905	2289
16.5957	2289
16.6009	2289
16.6009	2289
16.6053	2289
16.6105	2289
16.6115	2289
16.6163	2289
16.623	2289
16.623	2289
16.6287	2289
16.6354	2289
16.6354	2289
16.6412	2289
16.6474	2289
16.6507	2289
16.6546	2289
16.6602	2289
16.6642	2289
16.6652	2289
16.6708	2289
16.6758	2289
16.6768	2289
16.6815	2289
16.7068	2144
16.7101	2144
16.715	2144
16.7203	2144
16.7225	2144
16.7275	2144
16.7327	2144
16.735	2144
16.7399	2144
16.7446	2144
16.7456	2144
16.7505	2144
16.7551	2144
16.7561	2144
16.762	2144
16.7671	2144
16.7671	2144
16.7738	2144
16.7787	2144
16.7835	2144
16.7845	2144
16.7892	2144
16.7941	2144
16.7954	2144
16.8004	2144
16.8066	2144
16.8066	2144
16.8128	2144
16.8174	2144
16.8184	2144
16.8234	2144
16.8281	2144
16.8299	2144
16.8348	2144
16.84	2144
16.841	2144
16.847	2144
16.8514	2144
16.8524	2144
16.8574	2144
16.862	2144
16.863	2144
16.8687	2144
16.8735	2144
16.8745	2144
16.8794	2144
16.8859	2144
16.8859	2144
16.8919	2144
16.8967	2144
16.8974	2144
16.9024	2144
16.9071	2144
16.9128	2144
16.9138	2144
16.9185	2144
16.9245	2144
16.9245	2144
16.9305	2144
16.9355	2144
16.9365	2144
16.9415	2144
16.9465	2144
16.9473	2144
16.9523	2144
16.9581	2144
16.9581	2144
16.9646	2144
16.9694	2144
16.9704	2144
16.9751	2144
16.9801	2144
16.9818	2144
16.9868	2144
17.0029	2126
17.0029	2126
17.0091	2126
17.0153	2126
17.0153	2126
17.0216	2126
17.0278	2126
17.0278	2126
17.034	2126
17.0399	2126
17.0406	2126
17.0456	2126
17.0504	2126
17.0514	2126
17.0561	2126
17.0628	2126
17.0628	2126
17.0684	2126
17.0734	2126
17.0744	2126
17.0795	2126
17.085	2126
17.086	2126
17.091	2126
17.097	2126
17.097	2126
17.1022	2126
17.1074	2126
17.1084	2126
17.113	2126
17.119	2126
17.12	2126
17.1245	2126
17.1304	2126
17.1314	2126
17.1361	2126
17.1419	2126
17.1429	2126
17.147	2126
17.153	2126
17.153	2126
17.1595	2126
17.1645	2126
17.1655	2126
17.1707	2126
17.1759	2126
17.1769	2126
17.1811	2126
17.1874	2126
17.1874	2126
17.1936	2126
17.1984	2126
17.1992	2126
17.2051	2126
17.2108	2126
17.2112	2126
17.2162	2126
17.2214	2126
17.2224	2126
17.2276	2126
17.2338	2126
17.2338	2126
17.2391	2703
17.2431	2703
17.2431	2703
17.2483	2703
17.2525	2703
17.2525	2703
17.2575	2703
17.261	2703
17.261	2703
17.266	2703
17.2702	2703
17.2702	2703
17.2746	2703
17.2794	2703
17.2794	2703
17.2838	2703
17.2888	2703
17.2888	2703
17.2922	2703
17.2962	2703
17.2972	2703
17.301	2703
17.3057	2703
17.3067	2703
17.3105	2703
17.3142	2703
17.3152	2703
17.3192	2703
17.3239	2703
17.3249	2703
17.3286	2703
17.3326	2703
17.3336	2703
17.3374	2703
17.3411	2703
17.3421	2703
17.3469	2703
17.351	2703
17.3516	2703
17.3555	2703
17.3594	2703
17.3604	2703
17.3646	2703
17.3686	2703
17.3696	2703
17.3731	2703
17.3771	2703
17.3781	2703
17.3821	2703
17.3867	2703
17.3877	2703
17.3914	2703
17.3952	2703
17.3962	2703
17.4001	2703
17.4049	2703
17.4049	2703
17.4096	2703
17.4135	2703
17.4135	2703
17.4187	2703
17.4222	2703
17.4222	2703
17.4279	2703
17.4312	2703
17.4312	2703
17.4351	2703
17.4404	2703
17.4404	2703
17.4446	2703
17.4508	2703
17.4508	2703
17.4571	2703
17.4633	2703
17.4633	2703
17.4676	2703
17.4724	2703
17.4724	2703
17.4791	2703
17.4848	2703
17.4848	2703
17.4915	2703
17.4973	2703
17.4973	2703
17.504	2703
17.5098	2703
17.5098	2703
17.5165	2703
17.5222	2703
17.5222	2703
17.5289	2703
17.5328	2703
17.5328	2703
17.538	2703
17.5414	2703
17.5414	2703
17.5476	2703
17.5533	2703
17.5533	2703
17.5601	2703
17.5639	2703
17.5639	2703
17.5692	2703
17.5758	2703
17.5787	2703
17.5787	2703
17.5826	2703
17.5883	2703
17.5883	2703
17.6195	2703
17.6243	2703
17.6304	2703
17.6354	2703
17.6368	2703
17.643	2703
17.6479	2703
17.6486	2703
17.6536	2703
17.6598	2703
17.665	2703
17.665	2703
17.6713	2703
17.6779	2703
17.6779	2703
17.6831	2703
17.6881	2703
17.6891	2703
17.6957	2703
17.7005	2703
17.7014	2703
17.7072	2703
17.7124	2703
17.7134	2703
17.7192	2703
17.7263	2612
17.7263	2612
17.733	2612
17.7373	2612
17.7373	2612
17.7422	2612
17.7465	2612
17.7475	2612
17.7517	2612
17.7579	2612
17.7579	2612
17.7641	2612
17.7689	2612
17.7689	2612
17.7739	2612
17.7776	2612
17.7786	2612
17.7833	2612
17.7891	2612
17.7891	2612
17.7958	2612
17.7996	2612
17.7996	2612
17.8049	2612
17.8111	2612
17.8111	2612
17.8173	2612
17.8236	2612
17.8236	2612
17.8298	2612
17.8331	2612
17.8331	2612
17.8394	2612
17.8451	2612
17.8451	2612
17.8518	2612
17.8576	2612
17.8576	2612
17.8614	2612
17.8671	2612
17.8671	2612
17.8734	2612
17.8796	2612
17.8796	2612
17.8835	2612
17.8887	2612
17.8887	2612
17.9069	2354
17.9127	2354
17.9127	2354
17.917	2354
17.9251	2354
17.9251	2354
17.93	2354
17.9353	2354
17.9353	2354
17.9405	2354
17.9462	2354
17.9462	2354
17.9516	2354
17.9563	2354
17.9563	2354
17.962	2354
17.9683	2354
17.9683	2354
17.9745	2354
17.9807	2354
17.9807	2354
17.987	2354
17.9927	2354
17.9927	2354
17.9994	2354
18.0052	2354
18.0052	2354
18.0119	2354
18.0158	2354
18.0168	2354
18.022	2354
18.0267	2354
18.0267	2354
18.0335	2354
18.0392	2354
18.0392	2354
18.044	2354
18.0498	2354
18.0498	2354
18.055	2354
18.0612	2354
18.0612	2354
18.0675	2354
18.0713	2354
18.0723	2354
18.077	2354
18.0828	2354
18.0828	2354
18.0895	2354
18.0953	2354
18.0953	2354
18.102	2354
18.1077	2354
18.1077	2354
18.1121	2354
18.1173	2354
18.1173	2354
18.1235	2354
18.1297	2354
18.1297	2354
18.1341	2354
18.1393	2354
18.1393	2354
18.1456	2354
18.1513	2354
18.1513	2354
18.158	2354
18.1638	2354
18.1638	2354
18.1686	2354
18.1733	2354
18.1733	2354
18.1796	2354
18.1892	2354
18.1892	2354
18.1954	2354
18.2011	2354
18.2011	2354
18.2078	2354
18.2136	2354
18.2136	2354
18.2203	2354
18.2242	2354
18.2252	2354
18.2304	2354
18.2356	2354
18.2356	2354
18.2419	2354
18.2481	2354
18.2481	2354
18.2534	2354
18.2587	2354
18.2587	2354
18.2639	2354
18.2696	2354
18.2696	2354
18.2763	2354
18.2821	2354
18.2821	2354
18.2888	2354
18.2946	2354
18.2946	2354
18.3013	2354
18.3051	2354
18.3061	2354
18.3114	2354
18.3166	2354
18.3166	2354
18.3228	2354
18.329	2354
18.329	2354
18.3344	2354
18.3391	2354
18.3391	2354
18.3449	2354
18.3506	2354
18.3506	2354
18.3573	2354
18.3612	2354
18.3622	2354
18.3674	2354
18.3726	2354
18.3726	2354
18.3789	2354
18.3851	2354
18.3851	2354
18.3913	2354
18.3957	2354
18.3967	2354
18.4019	2354
18.4067	2354
18.4067	2354
18.4134	2354
18.4191	2354
18.4191	2354
18.4258	2354
18.4297	2354
18.4307	2354
18.4359	2354
18.4411	2354
18.4411	2354
18.4474	2354
18.4536	2354
18.4536	2354
18.459	2354
18.4637	2354
18.4637	2354
18.4723	2354
18.4785	2354
18.4785	2354
18.4847	2354
18.4881	2354
18.4891	2354
18.4943	2354
18.5001	2354
18.5001	2354
18.5068	2354
18.5125	2354
18.5125	2354
18.5174	2354
18.525	2354
18.525	2354
18.5293	2354
18.5346	2354
18.5346	2354
18.5408	2354
18.547	2354
18.547	2354
18.5533	2354
18.5576	2354
18.5586	2354
18.5638	2354
18.5686	2354
18.5686	2354
18.5753	2354
18.581	2354
18.581	2354
18.5877	2354
18.5935	2354
18.5935	2354
18.5983	2354
18.6031	2354
18.6031	2354
18.6093	2354
18.6155	2354
18.6155	2354
18.6218	2354
18.628	2354
18.628	2354
18.6323	2354
18.6371	2354
18.6371	2354
18.6438	2354
18.6496	2354
18.6496	2354
18.6563	2354
18.662	2354
18.662	2354
18.6674	2354
18.6726	2354
18.6726	2354
18.6778	2354
18.684	2354
18.684	2354
18.6903	2354
18.6946	2354
18.6956	2354
18.7009	2354
18.7056	2354
18.7056	2354
18.7123	2354
18.7181	2354
18.7181	2354
18.7248	2354
18.7305	2354
18.7305	2354
18.7359	2354
18.7401	2354
18.7401	2354
18.7463	2354
18.7526	2354
18.7526	2354
18.7588	2354
18.765	2354
18.765	2354
18.7712	2354
18.7751	2354
18.7761	2354
18.7818	2354
18.7866	2354
18.7866	2354
18.7933	2354
18.799	2354
18.799	2354
18.8057	2354
18.8096	2354
18.8106	2354
18.8158	2354
18.8211	2354
18.8211	2354
18.8273	2354
18.8335	2354
18.8335	2354
18.8397	2354
18.846	2354
18.846	2354
18.8503	2354
18.8551	2354
18.8551	2354
18.8618	2354
18.8675	2354
18.8675	2354
18.8742	2354
18.88	2354
18.88	2354
18.8843	2354
18.8896	2354
18.8896	2354
18.8958	2354
18.902	2354
18.902	2354
18.9083	2354
18.9145	2354
18.9145	2354
18.9198	2354
18.9269	2354
18.9269	2354
18.9313	2354
18.9394	2354
18.9394	2354
18.9456	2354
18.9495	2354
18.9505	2354
18.9552	2354
18.961	2354
18.961	2354
18.9677	2354
18.9734	2354
18.9734	2354
18.9801	2354
18.9859	2354
18.9859	2354
18.9926	2354
18.9983	2354
18.9983	2354
19.005	2354
19.0108	2354
19.0108	2354
19.0175	2354
19.0232	2354
19.0232	2354
19.0286	2354
19.0338	2354
19.0338	2354
19.039	2354
19.0453	2354
19.0453	2354
19.052	2354
19.0577	2354
19.0577	2354
19.064	2354
19.0702	2354
19.0702	2354
19.0764	2354
19.0826	2354
19.0826	2354
19.0889	2354
19.0951	2354
19.0951	2354
19.1013	2354
19.1075	2354
19.1075	2354
19.1138	2354
19.12	2354
19.12	2354
19.1262	2354
19.1325	2354
19.1325	2354
19.1387	2354
19.1426	2354
19.1436	2354
19.1483	2354
19.154	2354
19.154	2354
19.1607	2354
19.167	2354
19.167	2354
19.1761	2354
19.1823	2354
19.1823	2354
19.1885	2354
19.1947	2354
19.1947	2354
19.201	2354
19.2072	2354
19.2072	2354
19.2139	2354
19.2197	2354
19.2197	2354
19.2264	2354
19.2302	2354
19.2312	2354
19.2388	2354
19.245	2354
19.245	2354
19.2504	2354
19.256	2354
19.256	2354
19.261	2354
19.2671	2354
19.2671	2354
19.2738	2354
19.28	2354
19.28	2354
19.2854	2354
19.2906	2354
19.2906	2354
19.2958	2354
19.302	2354
19.302	2354
19.3083	2354
19.314	2354
19.314	2354
19.3207	2354
19.3265	2354
19.3265	2354
19.3332	2354
19.3389	2354
19.3389	2354
19.3438	2354
19.3514	2354
19.3514	2354
19.3562	2354
19.3638	2354
19.3638	2354
19.3687	2354
19.3763	2354
19.3763	2354
19.3811	2354
19.3888	2354
19.3888	2354
19.3936	2354
19.3983	2354
19.3983	2354
19.405	2354
19.4108	2354
19.4108	2354
19.417	2354
19.4233	2354
19.4233	2354
19.4295	2354
19.4338	2354
19.4348	2354
19.4391	2354
19.4448	2354
19.4448	2354
19.4492	2354
19.4544	2354
19.4554	2354
19.4606	2354
19.4664	2354
19.4664	2354
19.4731	2354
19.4788	2354
19.4788	2354
19.4851	2354
19.4899	2354
19.4909	2354
19.4956	2354
19.5004	2354
19.5004	2354
19.5066	2354
19.5124	2354
19.5124	2354
19.5177	2354
19.523	2354
19.523	2354
19.5282	2354
19.534	2354
19.534	2354
19.5383	2354
19.5435	2354
19.5435	2354
19.5498	2354
19.5531	2354
19.5541	2354
19.5593	2354
19.5651	2354
19.5651	2354
19.5718	2354
19.5776	2354
19.5776	2354
19.5843	2354
19.59	2354
19.59	2354
19.5967	2354
19.6025	2354
19.6025	2354
19.6092	2354
19.6149	2354
19.6149	2354
19.6216	2354
19.6274	2354
19.6274	2354
19.6341	2354
19.6398	2354
19.6398	2354
19.6465	2354
19.6523	2354
19.6523	2354
19.659	2354
19.6647	2354
19.6647	2354
19.6714	2354
19.6772	2354
19.6772	2354
19.6826	2354
19.6897	2354
19.6897	2354
19.6945	2354
19.6992	2354
19.6992	2354
19.7059	2354
19.7117	2354
19.7117	2354
19.7179	2354
19.7241	2354
19.7241	2354
19.7304	2354
19.7366	2354
19.7366	2354
19.7428	2354
19.7462	2354
19.7472	2354
19.7524	2354
19.7586	2354
19.7586	2354
19.7649	2354
19.7706	2354
19.7706	2354
19.7773	2354
19.7831	2354
19.7831	2354
19.7898	2354
19.7955	2354
19.7955	2354
19.8022	2354
19.8061	2354
19.8071	2354
19.8128	2354
19.8176	2354
19.8176	2354
19.8238	2354
19.83	2354
19.83	2354
19.8363	2354
19.8425	2354
19.8425	2354
19.8478	2354
19.8526	2354
19.8526	2354
19.8583	2354
19.864	2354
19.864	2354
19.8707	2354
19.8765	2354
19.8765	2354
19.8832	2354
19.889	2354
19.889	2354
19.8957	2354
19.9014	2354
19.9014	2354
19.9081	2354
19.9139	2354
19.9139	2354
19.9206	2354
19.9263	2354
19.9263	2354
19.933	2354
19.9388	2354
19.9388	2354
19.9455	2354
19.9512	2354
19.9512	2354
19.9579	2354
19.9637	2354
19.9637	2354
19.9704	2354
19.9761	2354
19.9761	2354
19.9828	2354
19.9886	2354
19.9886	2354
19.994	2354
19.9982	2354
19.9982	2354
