0.01	0
0.01	0
0.01	0
0.01	0
0.01	0
0.01	0
0.01	0
0.01	0
0.01	0
0.01	0
0.01	0
0.013	0
0.013	0
0.017	0
0.173796	68
0.175796	68
0.191477	402
0.200661	570
0.201533	620
0.208533	620
0.214533	620
0.215533	620
0.221533	620
0.227533	620
0.228533	620
0.235533	620
0.241533	620
0.242533	620
0.248533	620
0.254533	620
0.255533	620
0.262533	620
0.268533	620
0.269533	620
0.275533	620
0.281533	620
0.282533	620
0.289533	620
0.295533	620
0.296533	620
0.302533	620
0.308533	620
0.309533	620
0.316877	667
0.321993	727
0.322993	727
0.328993	727
0.336997	727
0.336997	727
0.342997	727
0.347557	727
0.348557	727
0.353557	727
0.359893	727
0.359893	727
0.365861	727
0.370861	727
0.371325	727
0.376325	727
0.382637	727
0.382637	727
0.388725	727
0.393445	727
0.394445	727
0.399285	727
0.405501	727
0.405501	727
0.411589	727
0.416589	727
0.417589	727
0.422677	727
0.430243	727
0.430243	727
0.439337	727
0.448903	727
0.448903	727
0.457997	727
0.467563	735
0.467563	735
0.473783	759
0.478783	759
0.478783	759
0.484349	785
0.489349	785
0.489349	785
0.498665	1310
0.500665	1310
0.501665	1310
0.511105	1310
0.513105	1310
0.514105	1310
0.526421	1310
0.528421	1310
0.529421	1310
0.539335	1310
0.541335	1310
0.542335	1310
0.548429	1310
0.550429	1310
0.551429	1310
0.557995	1310
0.559995	1310
0.560995	1310
0.569963	1310
0.571963	1310
0.572963	1310
0.579529	1310
0.581529	1310
0.582529	1310
0.588623	1310
0.590623	1310
0.591623	1310
0.601537	1310
0.603537	1310
0.604537	1310
0.610631	1310
0.612631	1310
0.613631	1310
0.620197	1310
0.622197	1310
0.623197	1310
0.632165	1310
0.634165	1310
0.635165	1310
0.641731	1310
0.643731	1310
0.644731	1310
0.654173	1310
0.656173	1310
0.657173	1310
0.663743	1310
0.665743	1310
0.666743	1310
0.672839	1310
0.674839	1310
0.675839	1310
0.688631	1310
0.697727	1310
0.697727	1310
0.707297	1310
0.722615	1310
0.722615	1310
0.738407	1310
0.759947	1310
0.759947	1310
0.772391	1310
0.778613	1310
0.778613	1310
0.791057	1310
0.800627	1310
0.800627	1310
0.806849	1310
0.819293	1310
0.819293	1310
0.822641	1310
0.831737	1310
0.831737	1310
0.840833	1310
0.850403	1310
0.850403	1310
0.856625	1310
0.868595	1310
0.868595	1310
0.872417	1310
0.881039	1310
0.881039	1310
0.884861	1310
0.893957	1310
0.893957	1310
0.900179	1310
0.909275	1310
0.909275	1310
0.912623	1310
0.921719	1310
0.921719	1310
0.925067	1310
0.934163	1310
0.934163	1310
0.940385	1310
0.952829	1310
0.952829	1310
0.956177	1310
0.962399	1310
0.962399	1310
0.969102	1315
0.971102	1315
0.974354	1315
0.975324	1329
0.978324	1329
0.981928	1329
0.984898	1345
0.984898	1345
0.987898	1345
0.993994	1345
0.993994	1345
0.997346	1357
0.997346	1357
1.00357	1384
1.00357	1384
1.00657	1384
1.01268	1384
1.01268	1384
1.01568	1384
1.01568	1384
1.01938	1389
1.02513	1401
1.02513	1401
1.02813	1401
1.03806	1408
1.03806	1408
1.04106	1408
1.04754	1408
1.05051	1408
1.05962	1408
1.06957	1408
1.07254	1413
1.085	1424
1.085	1424
1.10118	1424
1.10415	1433
1.11326	1445
1.11986	1445
1.12283	1445
1.13193	1449
1.13393	1449
1.13854	1449
1.14151	1450
1.14726	1450
1.15387	1450
1.15684	1467
1.16306	1467
1.16967	1467
1.17264	1467
1.18174	1467
1.18499	1467
1.18796	1467
1.19419	1467
1.20367	1467
1.20664	1467
1.20952	1467
1.21612	1467
1.21909	1467
1.22197	1467
1.22857	1467
1.23154	1467
1.23777	1467
1.24437	1467
1.24734	1467
1.25309	1467
1.25971	1467
1.26268	1467
1.26843	1467
1.27504	1467
1.27801	1467
1.28376	1467
1.29372	1467
1.29669	1467
1.29956	1467
1.30858	1467
1.31155	1467
1.31777	1467
1.32151	1467
1.32351	1467
1.32448	1467
1.32735	1467
1.33023	1472
1.33023	1472
1.33357	1477
1.33557	1477
1.33657	1477
1.33892	1496
1.34689	1496
1.35072	1496
1.35272	1496
1.35369	1496
1.3603	1496
1.3623	1496
1.36528	1496
1.36653	1496
1.36998	1496
1.37198	1496
1.38571	1496
1.38571	1496
1.38868	1496
1.39068	1496
1.39168	1496
1.39491	1496
1.39491	1496
1.40066	1496
1.41935	1496
1.41935	1496
1.4251	1496
1.4317	1496
1.43467	1496
1.45	1496
1.45238	1496
1.45958	1496
1.4658	1504
1.4678	1504
1.4678	1504
1.47826	1504
1.48113	1504
1.48113	1504
1.49071	1509
1.49693	1509
1.49693	1509
1.50019	1509
1.52108	1518
1.52408	1518
1.54624	1531
1.56754	1531
1.57076	1531
1.59182	1531
1.61259	1531
1.61622	1531
1.63741	1545
1.65827	1545
1.66127	1545
1.68241	1545
1.70384	1545
1.72464	1545
1.74555	1545
1.76619	1545
1.78749	1545
1.80841	1545
1.82997	1575
1.83797	1575
1.84478	1575
1.84578	1575
1.85266	1580
1.85966	1580
1.86066	1580
1.86734	1580
1.87434	1580
1.87534	1580
1.88367	1580
1.89067	1580
1.89167	1580
1.89851	1580
1.90583	1580
1.90683	1580
1.91383	1580
1.92016	1580
1.92116	1580
1.92916	1580
1.93688	1580
1.93788	1580
1.94409	1580
1.95109	1580
1.95209	1580
1.95921	1580
1.96618	1580
1.96718	1580
1.97482	1580
1.98245	1580
1.98345	1580
1.99008	1580
1.99732	1580
1.99832	1580
2.00595	1580
2.01206	1580
2.01306	1580
2.02006	1580
2.02717	1580
2.02941	1580
2.03616	1580
2.04374	1580
2.04474	1580
2.05197	1580
2.05855	1580
2.05955	1580
2.06616	1580
2.07313	1580
2.07488	1580
2.08211	1580
2.08959	1580
2.09059	1580
2.09756	1580
2.10479	1580
2.1054	1580
2.11237	1580
2.11948	1580
2.12048	1580
2.12718	1580
2.13581	1580
2.13654	1580
2.14339	1580
2.15062	1580
2.15162	1580
2.1582	1580
2.1652	1580
2.1662	1580
2.17353	1580
2.18053	1580
2.18253	1580
2.18936	1580
2.19621	1580
2.19721	1580
2.20444	1580
2.21102	1580
2.21202	1580
2.21912	1580
2.22638	1580
2.2277	1580
2.23546	1580
2.24204	1580
2.24304	1580
2.25026	1580
2.25784	1580
2.25884	1580
2.26584	1580
2.2722	1580
2.27318	1580
2.28018	1580
2.28801	1580
2.28901	1580
2.29686	1580
2.30309	1580
2.30409	1580
2.31167	1580
2.31842	1580
2.31942	1580
2.327	1580
2.3341	1580
2.3351	1580
2.34268	1580
2.34991	1580
2.35091	1580
2.35749	1580
2.36472	1580
2.36572	1580
2.37282	1580
2.37982	1580
2.38182	1580
2.38866	1580
2.39551	1580
2.39651	1580
2.40347	1580
2.41032	1580
2.41132	1580
2.41807	1580
2.42565	1580
2.42665	1580
2.43475	1580
2.44146	1580
2.44246	1580
2.44956	1580
2.45617	1580
2.45714	1580
2.46437	1580
2.4715	1580
2.47247	1580
2.47947	1580
2.48731	1580
2.48828	1580
2.49528	1580
2.50212	1580
2.50312	1580
2.51096	1580
2.51719	1580
2.51819	1580
2.5253	1580
2.5324	1580
2.5344	1580
2.5411	1580
2.54821	1580
2.54921	1580
2.55679	1580
2.56354	1580
2.56454	1580
2.57115	1580
2.57812	1580
2.57912	1580
2.58796	1580
2.5948	1580
2.5958	1580
2.60203	1580
2.60961	1580
2.61061	1580
2.61736	1580
2.62494	1580
2.62594	1580
2.63217	1580
2.64075	1580
2.64175	1580
2.64886	1580
2.65511	1580
2.65611	1580
2.66319	1580
2.6708	1580
2.67177	1580
2.67877	1580
2.6866	1580
2.68758	1580
2.69458	1580
2.70194	1580
2.70294	1580
2.70938	1580
2.71601	1580
2.71701	1580
2.72459	1580
2.7317	1580
2.7327	1580
2.7404	1580
2.7475	1580
2.7485	1580
2.75521	1580
2.76284	1580
2.76384	1580
2.77044	1580
2.77742	1580
2.77842	1580
2.78625	1580
2.79322	1580
2.79445	1580
2.80158	1580
2.80856	1580
2.80956	1580
2.81666	1580
2.82324	1580
2.82424	1580
2.83147	1580
2.83905	1580
2.84005	1580
2.84728	1580
2.85486	1580
2.85586	1580
2.86248	1580
2.86922	1580
2.87022	1580
2.87706	1580
2.8849	1580
2.88687	1580
2.8931	1580
2.90023	1580
2.90123	1580
2.9082	1580
2.91504	1580
2.91604	1580
2.92389	1580
2.93012	1580
2.93112	1580
2.9397	1580
2.9468	1580
2.9478	1580
2.95403	1580
2.96103	1580
2.96213	1580
2.96984	1580
2.97684	1580
2.97794	1580
2.98455	1580
2.99227	1580
2.99327	1580
3.00088	1580
3.00785	1580
3.00885	1580
3.01569	1580
3.02266	1580
3.02366	1580
3.03076	1580
3.03834	1580
3.03934	1580
3.04645	1580
3.05368	1580
3.05468	1580
3.06178	1580
3.06848	1580
3.06948	1580
3.07648	1580
3.0832	1580
3.0842	1580
3.09292	1580
3.09953	1580
3.10053	1580
3.1075	1580
3.11434	1580
3.11534	1580
3.12231	1580
3.12941	1580
3.13014	1580
3.13899	1580
3.14574	1580
3.14674	1580
3.15332	1580
3.16032	1580
3.16143	1580
3.16813	1580
3.17513	1580
3.17613	1580
3.18349	1580
3.19182	1580
3.19204	1580
3.19918	1580
3.20615	1580
3.20715	1580
3.21498	1580
3.22196	1580
3.22296	1580
3.22906	1580
3.23664	1580
3.23864	1580
3.24539	1580
3.25297	1580
3.25397	1580
3.26008	1580
3.26778	1580
3.26878	1580
3.27578	1580
3.28262	1580
3.28362	1580
3.29122	1580
3.29883	1580
3.29983	1580
3.3068	1580
3.31303	1580
3.31463	1580
3.32161	1580
3.32871	1580
3.32997	1580
3.33694	1580
3.34404	1580
3.34577	1580
3.35262	1580
3.35962	1580
3.36073	1580
3.36743	1580
3.37443	1580
3.37543	1580
3.38276	1580
3.39076	1580
3.39187	1580
3.3986	1580
3.40545	1580
3.40645	1580
3.41328	1580
3.42025	1580
3.42125	1580
3.42836	1580
3.43559	1580
3.43659	1580
3.44442	1580
3.45127	1580
3.45227	1580
3.4595	1580
3.46608	1580
3.46708	1580
3.47408	1580
3.48141	1580
3.48241	1580
3.49041	1580
3.49712	1580
3.49812	1580
3.50509	1580
3.51232	1580
3.51393	1580
3.5209	1580
3.52713	1580
3.52813	1580
3.53571	1580
3.54334	1580
3.54434	1580
3.55192	1580
3.55815	1580
3.55915	1580
3.56673	1580
3.57395	1580
3.57495	1580
3.58109	1580
3.58853	1580
3.59016	1580
3.59787	1580
3.60487	1580
3.60587	1580
3.61258	1580
3.61955	1580
3.62055	1580
3.62778	1580
3.63488	1580
3.63588	1580
3.64372	1580
3.65057	1580
3.65157	1580
3.65879	1580
3.66537	1580
3.66637	1580
3.67313	1580
3.68071	1580
3.68171	1580
3.68893	1580
3.69651	1580
3.69751	1580
3.70427	1580
3.71185	1580
3.71285	1580
3.71907	1580
3.72668	1580
3.72765	1580
3.73441	1580
3.74201	1580
3.74399	1580
3.75099	1580
3.75782	1580
3.75879	1580
3.76579	1580
3.77215	1580
3.77315	1580
3.78013	1580
3.78796	1580
3.78896	1580
3.79693	1580
3.80329	1580
3.80429	1580
3.81162	1580
3.8181	1580
3.8191	1580
3.82607	1580
3.83318	1580
3.83443	1580
3.84288	1580
3.84924	1580
3.85024	1580
3.85721	1580
3.86432	1580
3.86532	1580
3.8729	1580
3.87965	1580
3.88038	1580
3.88723	1580
3.89546	1580
3.89646	1580
3.90304	1580
3.91079	1580
3.91179	1580
3.91837	1580
3.9256	1580
3.9266	1580
3.93318	1580
3.94093	1580
3.94293	1580
3.94951	1580
3.95674	1580
3.95774	1580
3.96432	1580
3.97107	1580
3.97207	1580
3.97965	1580
3.98688	1580
3.98788	1580
3.99513	1580
4.00221	1580
4.00321	1580
4.01079	1580
4.01702	1580
4.01802	1580
4.02563	1580
4.03235	1580
4.03335	1580
4.04096	1580
4.04816	1580
4.04916	1580
4.05677	1580
4.06374	1580
4.06497	1580
4.0711	1580
4.07807	1580
4.07907	1580
4.08691	1580
4.09388	1580
4.09563	1580
4.10236	1580
4.10921	1580
4.11021	1580
4.11767	1580
4.12467	1580
4.12567	1580
4.1325	1580
4.13935	1580
4.14035	1580
4.14883	1580
4.15516	1580
4.15616	1580
4.16364	1580
4.17049	1580
4.17149	1580
4.17895	1580
4.18595	1580
4.18695	1580
4.19378	1580
4.20163	1580
4.20263	1580
4.20911	1580
4.21656	1580
4.21756	1580
4.22492	1580
4.23165	1580
4.23265	1580
4.23925	1580
4.2477	1580
4.2487	1580
4.25506	1580
4.26003	1580
4.26103	1580
4.26779	1580
4.27337	1580
4.27437	1580
4.27959	1580
4.2852	1580
4.2862	1580
4.29117	1580
4.29793	1586
4.29893	1586
4.30451	1586
4.30951	1586
4.31073	1586
4.31634	1586
4.32231	1586
4.32231	1586
4.32807	1596
4.33465	1596
4.33565	1596
4.34065	1596
4.34687	1596
4.34748	1596
4.35245	1596
4.35821	1596
4.35921	1596
4.36579	1596
4.37004	1612
4.37104	1612
4.37789	1612
4.38259	1612
4.38359	1612
4.38935	1612
4.39495	1612
4.39595	1612
4.40193	1612
4.40615	1612
4.40789	1612
4.41373	1612
4.41849	1612
4.41949	1612
4.42519	1612
4.43429	1612
4.43429	1612
4.441	1612
4.44963	1612
4.44963	1612
4.45633	1612
4.46543	1612
4.46543	1612
4.47166	1612
4.47789	1618
4.47789	1618
4.48747	1618
4.49657	1618
4.49657	1618
4.5028	1618
4.50903	1618
4.50903	1618
4.51861	1618
4.52436	1618
4.52436	1618
4.53394	1618
4.54017	1618
4.54117	1618
4.5504	1618
4.55923	1618
4.56123	1618
4.57096	1618
4.57966	1650
4.58141	1650
4.59099	1650
4.59922	1650
4.60048	1650
4.60968	1693
4.61891	1693
4.62091	1693
4.62849	1693
4.63794	1736
4.63994	1736
4.64743	1736
4.65615	1736
4.65715	1736
4.66673	1760
4.67421	1760
4.67621	1760
4.68441	1760
4.69064	1760
4.69164	1760
4.69887	1760
4.70413	1760
4.70513	1760
4.71258	1760
4.71891	1760
4.71991	1760
4.72566	1760
4.73236	1760
4.73336	1760
4.73936	1760
4.74569	1760
4.74669	1760
4.75369	1760
4.75953	1760
4.76053	1760
4.76725	1760
4.77325	1760
4.77486	1760
4.78083	1760
4.78706	1760
4.78806	1760
4.79464	1760
4.80039	1760
4.80139	1760
4.8081	1760
4.8141	1760
4.8152	1760
4.82143	1760
4.82843	1760
4.82943	1760
4.83527	1760
4.84224	1760
4.84324	1760
4.84934	1760
4.85592	1760
4.85692	1760
4.86367	1760
4.86928	1760
4.87025	1760
4.87625	1760
4.88374	1760
4.88474	1760
4.89006	1760
4.89781	1760
4.89842	1760
4.90439	1760
4.91039	1760
4.9115	1760
4.9182	1760
4.9242	1760
4.9252	1760
4.93156	1760
4.93853	1760
4.93953	1760
4.94537	1760
4.95222	1760
4.95322	1760
4.95945	1760
4.96567	1760
4.96667	1760
4.97378	1760
4.97948	1760
4.98048	1760
4.98623	1760
4.99384	1760
4.99481	1760
5.00081	1760
5.00727	1760
5.00727	1760
5.0145	1760
5.02075	1760
5.02175	1760
5.02808	1760
5.03456	1760
5.03553	1760
5.04129	1760
5.04889	1760
5.04989	1760
5.05587	1760
5.06135	1760
5.06235	1760
5.06967	1760
5.07543	1760
5.07616	1760
5.08301	1760
5.08923	1760
5.09023	1760
5.09684	1760
5.10381	1760
5.10481	1760
5.11017	1760
5.11615	1760
5.11715	1760
5.12425	1760
5.13098	1760
5.13183	1760
5.13806	1760
5.14406	1760
5.14567	1760
5.15164	1760
5.15839	1760
5.15939	1760
5.16597	1760
5.1712	1760
5.1722	1760
5.17981	1760
5.18565	1760
5.18665	1760
5.19314	1760
5.19911	1760
5.20011	1760
5.20634	1760
5.21392	1760
5.21492	1760
5.2204	1760
5.22637	1760
5.22737	1760
5.2346	1760
5.24071	1760
5.24171	1760
5.24767	1760
5.25451	1760
5.25551	1760
5.26127	1760
5.26897	1760
5.26997	1760
5.27545	1760
5.2813	1760
5.2823	1760
5.28953	1760
5.29576	1760
5.29676	1760
5.30299	1760
5.30921	1760
5.31021	1760
5.31632	1760
5.32302	1760
5.32402	1760
5.33077	1760
5.33648	1760
5.33748	1760
5.34458	1760
5.35081	1760
5.35181	1760
5.35781	1760
5.36465	1760
5.36562	1760
5.37137	1760
5.37807	1760
5.37807	1760
5.38507	1760
5.39118	1760
5.39218	1760
5.39976	1760
5.40551	1760
5.40624	1760
5.41209	1760
5.4197	1760
5.4207	1760
5.42655	1760
5.43377	1760
5.43377	1760
5.44	1760
5.44611	1760
5.44711	1760
5.45616	1760
5.46291	1760
5.46391	1760
5.46962	1760
5.47637	1760
5.47737	1760
5.48307	1760
5.49018	1760
5.49018	1760
5.49741	1760
5.50363	1760
5.50463	1760
5.51174	1760
5.51709	1760
5.51809	1760
5.52467	1760
5.5333	1760
5.5333	1760
5.54013	1760
5.54675	1760
5.54775	1760
5.55533	1760
5.56169	1760
5.56269	1760
5.56879	1760
5.57514	1760
5.57614	1760
5.58272	1760
5.58847	1760
5.58947	1760
5.59618	1760
5.60266	1760
5.60366	1760
5.60963	1760
5.61626	1760
5.61726	1760
5.62397	1760
5.63045	1760
5.63145	1760
5.63742	1760
5.64353	1760
5.64453	1760
5.65175	1760
5.65798	1760
5.65824	1760
5.66421	1760
5.67117	1760
5.67217	1760
5.67802	1760
5.68577	1760
5.6865	1760
5.69247	1760
5.69823	1760
5.69996	1760
5.70619	1760
5.71216	1793
5.71316	1793
5.71939	1793
5.72697	1793
5.72697	1793
5.73345	1793
5.73942	1793
5.74042	1793
5.74691	1793
5.75375	1793
5.75375	1793
5.76098	1793
5.76624	1793
5.76709	1793
5.77309	1793
5.77954	1793
5.78054	1793
5.78777	1793
5.79347	1793
5.79447	1793
5.80047	1793
5.80683	1793
5.80781	1793
5.81403	1793
5.82003	1793
5.82117	1793
5.82714	1793
5.83362	1793
5.83462	1793
5.84159	1793
5.84755	1793
5.84853	1793
5.85453	1793
5.86015	1793
5.86189	1793
5.86873	1793
5.87434	1793
5.87534	1793
5.88119	1793
5.88754	1793
5.88854	1793
5.896	1793
5.90113	1793
5.90213	1793
5.9081	1793
5.91406	1793
5.91506	1793
5.92203	1793
5.92866	1793
5.92939	1793
5.93537	1793
5.94112	1793
5.94212	1793
5.9497	1793
5.95505	1793
5.95605	1793
5.96215	1793
5.96876	1793
5.96973	1793
5.97549	1793
5.98209	1793
5.98309	1793
5.98942	1793
5.99555	1793
5.99655	1793
6.00252	1793
6.00901	1793
6.01098	1793
6.01698	1793
6.02208	1793
6.02381	1793
6.02979	1793
6.03627	1793
6.03727	1793
6.04324	1793
6.04947	1793
6.05047	1793
6.05657	1793
6.06306	1793
6.06406	1793
6.07051	1793
6.07699	1793
6.07799	1793
6.08384	1793
6.09007	1793
6.09107	1793
6.09729	1793
6.10305	1793
6.10478	1793
6.11075	1793
6.11798	1793
6.11898	1793
6.12408	1793
6.13008	1793
6.13119	1793
6.13701	1793
6.1445	1793
6.1445	1793
6.15135	1793
6.15795	1793
6.15895	1793
6.1648	1799
6.17103	1799
6.17103	1799
6.17813	1799
6.18449	1799
6.18549	1799
6.19159	1799
6.19782	1799
6.19882	1799
6.20505	1799
6.21105	1799
6.21205	1799
6.21898	1805
6.22461	1805
6.22546	1805
6.23143	1817
6.23892	1817
6.23992	1817
6.24577	1817
6.25152	1817
6.25252	1817
6.25822	1817
6.26497	1817
6.26571	1817
6.27168	1817
6.27891	1817
6.27891	1817
6.28501	1817
6.29124	1817
6.29224	1817
6.29847	1817
6.30469	1817
6.30569	1817
6.31195	1817
6.31727	1817
6.31803	1817
6.32573	1817
6.33148	1817
6.33248	1817
6.33819	1817
6.34494	1817
6.34594	1817
6.35155	1817
6.35787	1817
6.35887	1817
6.364	1817
6.3712	1817
6.3722	1817
6.37891	1817
6.38491	1817
6.38591	1817
6.39127	1817
6.39724	1817
6.39824	1817
6.40472	1817
6.41157	1817
6.41292	1817
6.41805	1817
6.42403	1817
6.42538	1817
6.43151	1817
6.43748	1817
6.43848	1817
6.44444	1817
6.45141	1817
6.45141	1817
6.45887	1817
6.46487	1817
6.46587	1817
6.47123	1817
6.4772	1817
6.4782	1817
6.48469	1817
6.49066	1817
6.49166	1817
6.49814	1817
6.50411	1817
6.50587	1817
6.51147	1817
6.51745	1817
6.5188	1817
6.52493	1817
6.53025	1817
6.53125	1817
6.53739	1817
6.54483	1817
6.54583	1817
6.55132	1817
6.55729	1817
6.55829	1817
6.56477	1817
6.57062	1817
6.57162	1817
6.57711	1817
6.58408	1817
6.58508	1817
6.59156	1817
6.59741	1817
6.59841	1817
6.60476	1817
6.61087	1817
6.61187	1817
6.61709	1817
6.62432	1817
6.62432	1817
6.63128	1817
6.63725	1817
6.63825	1817
6.64401	1817
6.65059	1817
6.65159	1817
6.65734	1818
6.66304	1818
6.66404	1818
6.67179	1824
6.67737	1824
6.67837	1824
6.6846	1824
6.69083	1824
6.69183	1824
6.69706	1824
6.70329	1824
6.70429	1824
6.71051	1824
6.71622	1824
6.71722	1824
6.7247	1843
6.73055	1843
6.73155	1843
6.7373	1843
6.74301	1843
6.74401	1843
6.75076	1843
6.75646	1843
6.75746	1843
6.76369	1843
6.76979	1843
6.77079	1843
6.77602	1843
6.78225	1843
6.78325	1843
6.78948	1843
6.79571	1843
6.79671	1843
6.80293	1843
6.80819	1843
6.80919	1843
6.81551	1843
6.82212	1843
6.82212	1843
6.82958	1843
6.83543	1843
6.83643	1843
6.84218	1843
6.84888	1843
6.84988	1843
6.85511	1843
6.86124	1843
6.86224	1843
6.86821	1843
6.8747	1843
6.87567	1843
6.88167	1843
6.88715	1843
6.88815	1843
6.8946	1843
6.90009	1843
6.90106	1843
6.90781	1843
6.91354	1843
6.91454	1843
6.92039	1843
6.92787	1843
6.92787	1843
6.93485	1843
6.94033	1843
6.94133	1843
6.94718	1843
6.95353	1843
6.95466	1843
6.96099	1843
6.96612	1843
6.96712	1843
6.97309	1843
6.97957	1843
6.98057	1843
6.98602	1843
6.99251	1843
6.99351	1843
6.99948	1843
7.00596	1843
7.00693	1843
7.01293	1843
7.01842	1843
7.01939	1843
7.02539	1843
7.03202	1843
7.03202	1843
7.0376	1843
7.04295	1843
7.04395	1843
7.05005	1843
7.05441	1843
7.05541	1843
7.06251	1843
7.06686	1843
7.06786	1843
7.07497	1843
7.08119	1843
7.08119	1843
7.0879	1843
7.09653	1843
7.09653	1843
7.10135	1843
7.10898	1843
7.10898	1843
7.11381	1843
7.12144	1843
7.12144	1843
7.12814	1843
7.13437	1843
7.13437	1843
7.14347	1843
7.14783	1843
7.14883	1843
7.15593	1843
7.16216	1843
7.16216	1843
7.16839	1843
7.17274	1843
7.17374	1843
7.18084	1843
7.18707	1843
7.18707	1843
7.19377	1843
7.19953	1843
7.19953	1843
7.20623	1843
7.21486	1843
7.21486	1843
7.22156	1843
7.22731	1843
7.22731	1843
7.23402	1843
7.24025	1843
7.24025	1843
7.24647	1843
7.2527	1843
7.2527	1843
7.26181	1843
7.26803	1843
7.26803	1843
7.27426	1843
7.28049	1843
7.28049	1843
7.28672	1843
7.29295	1843
7.29295	1843
7.29965	1843
7.30828	1843
7.30828	1843
7.31498	1843
7.32073	1843
7.32073	1843
7.32744	1843
7.33319	1843
7.33319	1843
7.33989	1843
7.3475	1843
7.3485	1843
7.35647	1843
7.36481	1843
7.36581	1843
7.37356	1843
7.38226	1843
7.38301	1843
7.39172	1848
7.39995	1848
7.40095	1848
7.40805	1848
7.41751	1848
7.41851	1848
7.42673	1848
7.43444	1848
7.43544	1848
7.44342	1848
7.45142	1848
7.45338	1848
7.46135	1848
7.46981	1854
7.47081	1854
7.47843	1854
7.48614	1854
7.48714	1854
7.49362	1854
7.49959	1854
7.50059	1854
7.50608	1854
7.51205	1854
7.51305	1854
7.51928	1854
7.52538	1854
7.52638	1854
7.53261	1854
7.53831	1854
7.53931	1854
7.54507	1854
7.55277	1854
7.55277	1854
7.55825	1854
7.56523	1854
7.56523	1854
7.57285	1854
7.57856	1854
7.57956	1854
7.58579	1854
7.59101	1854
7.59201	1854
7.59824	1854
7.60447	1854
7.60547	1854
7.6117	1854
7.6178	1854
7.6188	1854
7.62415	1854
7.63026	1854
7.63126	1854
7.63761	1854
7.64371	1854
7.64471	1854
7.65007	1854
7.65665	1854
7.65765	1854
7.6634	1854
7.66901	1854
7.67001	1854
7.67621	1854
7.68221	1854
7.68334	1854
7.68979	1854
7.69541	1854
7.69641	1854
7.70212	1854
7.70835	1854
7.70935	1854
7.71548	1854
7.72193	1854
7.72293	1854
7.72855	1854
7.73426	1854
7.73526	1854
7.74149	1854
7.74759	1854
7.74859	1854
7.75482	1854
7.76052	1854
7.76152	1854
7.76752	1854
7.77363	1854
7.77463	1854
7.78073	1854
7.78696	1854
7.78796	1854
7.79366	1854
7.79941	1854
7.80041	1854
7.80612	1854
7.81287	1854
7.8136	1854
7.81957	1854
7.8252	1854
7.82606	1854
7.83203	1854
7.83866	1854
7.83966	1854
7.84536	1854
7.85211	1854
7.85211	1854
7.85882	1854
7.86505	1854
7.86505	1854
7.87215	1854
7.8785	1854
7.8785	1854
7.88561	1854
7.89196	1854
7.89296	1854
7.89806	1854
7.90429	1854
7.90529	1854
7.91199	1854
7.91775	1854
7.91875	1854
7.92497	1854
7.93097	1854
7.93108	1854
7.93778	1854
7.94378	1854
7.94401	1854
7.95001	1854
7.95611	1854
7.95711	1854
7.9636	1854
7.96957	1854
7.97057	1854
7.97667	1854
7.98238	1854
7.98338	1854
7.98961	1854
7.99671	1854
7.99671	1854
8.00294	1854
8.00917	1854
8.00917	1854
8.01639	1854
8.02262	1854
8.02262	1854
8.03073	1854
8.03743	1854
8.03743	1854
8.04318	1854
8.05276	1854
8.05276	1854
8.05899	1854
8.06522	1854
8.06522	1854
8.07245	1854
8.07867	1854
8.07867	1854
8.0859	1854
8.09113	1854
8.09213	1854
8.09836	1854
8.10459	1854
8.10559	1854
8.11181	1854
8.11839	1854
8.11839	1854
8.12427	1854
8.13185	1854
8.13185	1854
8.1386	1854
8.14431	1854
8.14431	1854
8.15106	1854
8.15776	1854
8.15876	1854
8.16451	1854
8.17022	1854
8.17122	1854
8.1777	1854
8.18367	1854
8.18467	1854
8.19078	1854
8.19601	1854
8.19701	1854
8.20323	1854
8.20946	1854
8.21046	1854
8.21757	1854
8.22427	1854
8.22427	1854
8.23002	1854
8.23773	1854
8.23773	1854
8.24448	1854
8.25018	1854
8.25018	1854
8.25793	1854
8.26451	1854
8.26451	1854
8.27074	1854
8.27797	1854
8.27797	1854
8.2842	1854
8.29043	1854
8.29043	1854
8.29853	1854
8.30523	1854
8.30523	1854
8.31199	1854
8.31869	1854
8.31869	1854
8.32679	1854
8.33302	1854
8.33302	1854
8.33925	1854
8.34648	1854
8.34648	1854
8.35371	1854
8.35993	1854
8.35993	1854
8.36616	1854
8.37239	1854
8.37339	1854
8.37949	1854
8.3862	1854
8.3862	1854
8.39295	1854
8.39965	1854
8.39965	1854
8.40641	1854
8.41211	1854
8.41211	1854
8.41986	1854
8.42557	1854
8.42657	1854
8.43232	1854
8.4389	1854
8.4399	1854
8.44513	1854
8.45135	1854
8.45235	1854
8.45858	1854
8.46481	1854
8.46581	1854
8.47104	1854
8.47727	1854
8.47827	1854
8.48537	1854
8.4912	1854
8.4912	1854
8.49868	1854
8.50453	1854
8.50553	1854
8.51128	1854
8.51799	1854
8.51899	1854
8.52474	1854
8.53044	1854
8.53144	1854
8.53719	1854
8.5439	1854
8.5449	1854
8.55013	1854
8.55635	1854
8.55735	1854
8.56346	1854
8.56969	1854
8.57007	1854
8.57629	1854
8.58227	1854
8.58327	1854
8.58975	1854
8.59572	1854
8.59672	1854
8.60221	1854
8.60818	1854
8.60918	1854
8.61566	1854
8.62163	1854
8.62263	1854
8.62874	1854
8.63497	1854
8.63597	1854
8.64119	1854
8.64742	1854
8.64842	1854
8.65491	1854
8.66088	1854
8.66188	1854
8.66736	1854
8.67333	1854
8.67433	1854
8.68044	1854
8.68614	1854
8.68714	1854
8.69389	1854
8.6996	1854
8.7006	1854
8.70635	1854
8.71205	1854
8.71305	1854
8.71954	1854
8.72539	1854
8.72639	1854
8.73299	1854
8.73884	1854
8.73984	1854
8.74507	1854
8.7513	1854
8.7523	1854
8.75853	1854
8.76475	1854
8.76575	1854
8.77198	1854
8.77821	1854
8.77821	1854
8.78421	1854
8.79102	1854
8.79102	1854
8.79877	1854
8.80447	1854
8.80547	1854
8.81161	1854
8.81745	1854
8.81845	1854
8.82416	1854
8.83091	1854
8.83164	1854
8.83761	1854
8.84337	1854
8.8441	1854
8.85007	1854
8.85655	1855
8.85755	1855
8.86353	1855
8.86975	1868
8.87075	1868
8.87686	1868
8.88209	1868
8.88309	1868
8.88931	1868
8.89554	1881
8.89654	1881
8.90277	1881
8.909	1881
8.909	1881
8.91423	1881
8.92045	1881
8.92145	1881
8.92771	1881
8.93303	1881
8.93479	1881
8.94049	1881
8.94624	1888
8.94724	1888
8.95395	1888
8.9597	1888
8.9607	1888
8.9664	1888
8.97215	1888
8.97315	1888
8.97986	1888
8.98561	1888
8.98561	1888
8.99131	1888
8.99731	1888
8.99831	1888
9.0048	1888
9.01065	1888
9.01165	1888
9.01713	1888
9.0231	1888
9.0241	1888
9.03056	1888
9.03656	1888
9.03779	1888
9.04301	1888
9.04901	1888
9.05062	1888
9.05559	1888
9.06135	1888
9.06208	1888
9.06805	1888
9.07405	1888
9.07515	1888
9.08138	1888
9.08761	1888
9.08861	1888
9.09484	1888
9.10007	1888
9.10107	1888
9.10729	1888
9.11352	1888
9.11452	1888
9.12023	1888
9.12598	1888
9.12698	1888
9.13259	1888
9.13856	1888
9.13931	1888
9.14504	1888
9.15101	1888
9.15277	1888
9.15847	1888
9.16422	1888
9.16522	1888
9.17193	1888
9.17768	1888
9.17868	1888
9.18438	1888
9.19013	1888
9.19013	1888
9.19684	1888
9.20259	1894
9.20359	1894
9.20932	1894
9.21505	1894
9.21605	1894
9.22278	1894
9.22863	1894
9.22963	1894
9.23511	1894
9.24108	1894
9.24208	1894
9.24757	1894
9.25354	1894
9.25454	1894
9.26002	1894
9.26699	1894
9.26722	1894
9.27345	1894
9.27945	1894
9.28068	1894
9.28691	1894
9.29213	1901
9.29313	1901
9.29936	1901
9.30436	1901
9.30559	1901
9.31129	1901
9.31705	1901
9.31805	1901
9.3243	1901
9.3305	1901
9.3315	1901
9.33776	1901
9.34396	1901
9.34396	1901
9.34921	1901
9.35554	1901
9.35654	1901
9.36202	1901
9.36899	1901
9.36975	1901
9.37548	1901
9.38145	1901
9.3822	1901
9.38891	1901
9.39391	1901
9.39466	1901
9.40039	1901
9.40636	1901
9.40711	1915
9.41382	1915
9.41957	1922
9.42057	1922
9.4263	1922
9.43115	1922
9.43203	1922
9.43876	1922
9.44461	1922
9.44561	1922
9.45109	1922
9.45706	1922
9.45706	1922
9.46329	1922
9.46952	1922
9.47052	1922
9.476	1922
9.48297	1922
9.48397	1922
9.4882	1922
9.49443	1922
9.49543	1922
9.50191	1922
9.50789	1922
9.50889	1922
9.51437	1922
9.52034	1922
9.52034	1922
9.52683	1922
9.5328	1922
9.5338	1922
9.53928	1922
9.54525	1922
9.54625	1922
9.55174	1922
9.55706	1922
9.55806	1922
9.56419	1922
9.57052	1922
9.57152	1922
9.57765	1922
9.58297	1922
9.58397	1922
9.58973	1922
9.59543	1922
9.59643	1922
9.60218	1922
9.60889	1922
9.60889	1922
9.61464	1922
9.62034	1922
9.62134	1922
9.62709	1922
9.6338	1922
9.6348	1922
9.63955	1922
9.64525	1922
9.64625	1922
9.65201	1922
9.65871	1922
9.65971	1922
9.66571	1922
9.67117	1922
9.67117	1922
9.67792	1922
9.68353	1922
9.6845	1922
9.6905	1922
9.69695	1922
9.69795	1922
9.70295	1922
9.70844	1922
9.70941	1922
9.71541	1922
9.72187	1922
9.72287	1922
9.72809	1922
9.73335	1922
9.73432	1922
9.74032	1922
9.74678	1922
9.74778	1922
9.75301	1922
9.75923	1922
9.75923	1922
9.76523	1922
9.77169	1922
9.77269	1922
9.77892	1922
9.78415	1922
9.78515	1922
9.79015	1922
9.7966	1922
9.7976	1922
9.8026	1922
9.80671	1922
9.80771	1922
9.81241	1922
9.81641	1922
9.81741	1922
9.82289	1922
9.82787	1922
9.82787	1922
9.833	1922
9.83732	1922
9.83732	1922
9.84232	1922
9.84781	1922
9.84781	1922
9.85278	1922
9.85753	1922
9.85753	1922
9.86223	1922
9.86723	1922
9.86723	1922
9.87272	1922
9.87769	1922
9.87869	1922
9.88244	1922
9.88715	1922
9.88815	1922
9.89215	1922
9.89763	1922
9.89863	1922
9.9026	1922
9.90735	1922
9.90835	1922
9.91206	1922
9.91706	1922
9.91881	1922
9.92354	1922
9.92751	1922
9.92851	1922
9.93327	1922
9.93797	1922
9.93897	1922
9.94372	1922
9.94943	1922
9.94943	1922
9.95518	1922
9.96188	1922
9.96188	1922
9.96763	1922
9.97721	1922
9.97721	1922
9.98209	1922
9.98779	1922
9.98779	1922
9.99255	1922
10.0021	1922
10.0021	1922
10.007	1922
10.0127	1922
10.0127	1922
10.0175	1922
10.027	1922
10.027	1922
10.0329	1922
10.0376	1922
10.0376	1922
10.0457	1922
10.0519	1922
10.0519	1922
10.0582	1922
10.0644	1922
10.0644	1922
10.0706	1922
10.0769	1922
10.0779	1922
10.0841	1922
10.0922	1941
10.0932	1941
10.1019	1945
10.1094	1960
10.1104	1960
10.1185	1960
10.1255	1966
10.1265	1966
10.1349	1984
10.1421	1984
10.1434	1984
10.1502	1984
10.1589	1988
10.1599	1988
10.1674	2003
10.1745	2003
10.1755	2003
10.1837	2006
10.191	2026
10.192	2026
10.1994	2026
10.2063	2026
10.2073	2026
10.2159	2026
10.2225	2044
10.2235	2044
10.2285	2044
10.2349	2044
10.2359	2044
10.2409	2044
10.246	2044
10.246	2044
10.2522	2044
10.2572	2044
10.2589	2044
10.2647	2044
10.2697	2044
10.2703	2044
10.2763	2044
10.281	2044
10.282	2044
10.2877	2044
10.2936	2044
10.2946	2044
10.2992	2044
10.3059	2044
10.3069	2044
10.3116	2044
10.3174	2044
10.3174	2044
10.3231	2044
10.3281	2044
10.3299	2044
10.3356	2044
10.3406	2044
10.3413	2044
10.347	2044
10.352	2044
10.353	2044
10.3585	2050
10.3645	2050
10.3655	2050
10.371	2050
10.3769	2050
10.3779	2050
10.3824	2050
10.3884	2050
10.3884	2050
10.3941	2050
10.3998	2050
10.4008	2050
10.4068	2050
10.4112	2050
10.4122	2050
10.4172	2050
10.4237	2050
10.4247	2050
10.4296	2050
10.4359	2050
10.4369	2050
10.4414	2050
10.4473	2050
10.4473	2050
10.4539	2050
10.4589	2050
10.4596	2050
10.4654	2050
10.4703	2050
10.4713	2050
10.4768	2050
10.4828	2050
10.4838	2050
10.4889	2050
10.4941	2050
10.4951	2050
10.5001	2050
10.5066	2050
10.5066	2050
10.5126	2050
10.5171	2050
10.5181	2050
10.524	2050
10.5295	2050
10.5305	2050
10.5355	2050
10.542	2050
10.543	2050
10.548	2050
10.5532	2050
10.5544	2050
10.5594	2050
10.5656	2050
10.5656	2050
10.5719	2050
10.5761	2050
10.5771	2050
10.5833	2050
10.5886	2050
10.5896	2050
10.5948	2050
10.6004	2050
10.6014	2050
10.6062	2050
10.6121	2050
10.6138	2050
10.6188	2050
10.6246	2050
10.6246	2050
10.6303	2050
10.635	2050
10.636	2050
10.6428	2050
10.648	2050
10.649	2050
10.6531	2050
10.6591	2050
10.6601	2050
10.6656	2050
10.6714	2050
10.6724	2050
10.6774	2050
10.6839	2050
10.6839	2050
10.6896	2050
10.6946	2050
10.6956	2050
10.701	2050
10.7069	2050
10.7079	2050
10.7121	2050
10.7183	2050
10.7193	2050
10.7242	2050
10.7308	2050
10.7318	2050
10.7368	2050
10.7423	2050
10.7423	2050
10.7483	2050
10.7537	2050
10.7547	2050
10.7607	2050
10.7652	2050
10.7662	2050
10.7712	2050
10.7778	2050
10.7788	2050
10.7835	2050
10.7892	2050
10.7902	2050
10.7952	2050
10.8017	2050
10.8017	2050
10.8077	2050
10.8121	2050
10.8131	2050
10.8191	2050
10.8246	2050
10.8256	2050
10.8306	2050
10.8363	2050
10.8371	2050
10.842	2050
10.8489	2050
10.8495	2050
10.8545	2050
10.8606	2050
10.8606	2050
10.8666	2050
10.8711	2050
10.8721	2050
10.878	2050
10.8833	2050
10.8845	2050
10.8895	2050
10.8957	2050
10.897	2050
10.902	2050
10.9072	2050
10.9082	2050
10.9134	2050
10.9186	2050
10.9196	2050
10.9259	2050
10.9301	2050
10.9311	2050
10.9373	2050
10.9422	2050
10.9439	2050
10.9488	2050
10.9548	2050
10.955	2050
10.9603	2050
10.9662	2050
10.9672	2050
10.9728	2050
10.9778	2050
10.9788	2050
10.9842	2050
10.9892	2050
10.9901	2050
10.9966	2050
11.0015	2050
11.0025	2050
11.0072	2050
11.0131	2050
11.0149	2050
11.0197	2050
11.0255	2050
11.0264	2050
11.0311	2050
11.0361	2050
11.0371	2050
11.0436	2050
11.0486	2050
11.0496	2050
11.0557	2050
11.06	2050
11.0619	2050
11.0661	2050
11.0725	2050
11.0733	2050
11.0786	2050
11.0846	2050
11.0846	2050
11.0901	2050
11.095	2050
11.096	2050
11.1025	2050
11.1075	2050
11.1085	2050
11.1141	2050
11.1198	2050
11.1208	2050
11.1255	2050
11.1315	2050
11.1323	2050
11.137	2050
11.144	2050
11.144	2050
11.1495	2050
11.1544	2050
11.1554	2050
11.1619	2050
11.1669	2050
11.1679	2050
11.1734	2050
11.1783	2050
11.1793	2050
11.1841	2050
11.1908	2050
11.1917	2050
11.1969	2050
11.2023	2050
11.2023	2050
11.2089	2050
11.2137	2050
11.2147	2050
11.2208	2050
11.2258	2050
11.2268	2050
11.2323	2050
11.2373	2050
11.2383	2050
11.2435	2050
11.2497	2050
11.2507	2050
11.256	2050
11.2612	2050
11.2612	2050
11.2674	2050
11.2726	2050
11.2736	2050
11.2792	2050
11.2842	2050
11.2851	2050
11.2911	2050
11.2967	2050
11.2975	2050
11.3024	2050
11.3081	2050
11.3091	2050
11.3149	2050
11.3206	2050
11.3206	2050
11.3267	2050
11.3317	2050
11.332	2050
11.3382	2050
11.3432	2050
11.3442	2050
11.3502	2050
11.3556	2050
11.3566	2050
11.3618	2050
11.3671	2050
11.3681	2050
11.3733	2050
11.3795	2050
11.3795	2050
11.3851	2050
11.3901	2050
11.392	2050
11.3972	2050
11.4026	2050
11.4034	2050
11.4093	2050
11.414	2050
11.415	2050
11.4208	2050
11.4265	2050
11.4275	2050
11.4322	2050
11.4389	2050
11.4389	2050
11.444	2050
11.449	2050
11.45	2050
11.4561	2050
11.4619	2050
11.4628	2050
11.4686	2050
11.4733	2050
11.4743	2050
11.4792	2050
11.4854	2050
11.4864	2050
11.4916	2050
11.4978	2050
11.4978	2050
11.5031	2050
11.5085	2050
11.5093	2050
11.5152	2058
11.5209	2058
11.5219	2058
11.5275	2065
11.5323	2065
11.5333	2065
11.5385	2065
11.5449	2065
11.5449	2065
11.5509	2065
11.5559	2065
11.5569	2065
11.5621	2065
11.5674	2065
11.5684	2065
11.574	2079
11.5792	2079
11.5802	2079
11.5854	2079
11.5903	2079
11.5916	2079
11.5979	2079
11.6027	2079
11.6031	2079
11.6081	2081
11.6143	2081
11.6143	2081
11.6205	2081
11.6258	2081
11.6268	2081
11.6319	2081
11.6379	2081
11.6389	2081
11.6431	2081
11.6493	2081
11.6493	2081
11.6555	2081
11.6608	2081
11.6618	2081
11.666	2081
11.6722	2081
11.6732	2081
11.6788	2081
11.6838	2081
11.6848	2081
11.6903	2081
11.6953	2081
11.6963	2081
11.701	2081
11.7077	2081
11.7077	2081
11.7139	2081
11.7188	2081
11.7198	2081
11.7241	2081
11.7303	2081
11.7313	2081
11.7365	2081
11.7426	2081
11.7426	2081
11.7483	2081
11.7533	2081
11.7543	2081
11.7598	2081
11.7658	2081
11.7668	2081
11.7713	2081
11.7762	2081
11.7771	2086
11.7833	2086
11.7887	2086
11.7896	2086
11.7949	2086
11.8001	2086
11.8001	2086
11.8064	2090
11.8112	2094
11.8122	2094
11.8175	2094
11.8237	2094
11.8237	2094
11.8299	2094
11.8342	2094
11.8352	2094
11.8404	2094
11.8466	2094
11.8476	2094
11.8528	2101
11.8571	2101
11.8581	2101
11.8631	2101
11.8696	2101
11.8705	2101
11.8755	2101
11.88	2101
11.881	2101
11.887	2101
11.8922	2101
11.8935	2101
11.8984	2101
11.9037	2109
11.9047	2109
11.9099	2109
11.9151	2109
11.9161	2109
11.9213	2109
11.9263	2109
11.9276	2109
11.9328	2109
11.9388	2109
11.939	2109
11.9443	2109
11.9493	2109
11.9503	2109
11.9557	2109
11.9617	2109
11.9617	2109
11.9672	2109
11.9722	2109
11.9732	2109
11.9784	2109
11.9846	2109
11.9846	2109
11.9909	2118
11.9951	2118
11.9961	2118
12.0011	2118
12.0066	2118
12.0075	2118
12.0135	2118
12.018	2118
12.019	2118
12.025	2118
12.0292	2118
12.0305	2118
12.0355	2118
12.0417	2118
12.0429	2118
12.0479	2118
12.0521	2118
12.0531	2118
12.0584	2118
12.0646	2118
12.0646	2118
12.0708	2118
12.0758	2118
12.076	2118
12.0813	2118
12.0863	2118
12.0873	2118
12.0928	2118
12.0987	2118
12.0997	2118
12.1042	2118
12.1092	2118
12.1102	2118
12.1154	2118
12.1216	2118
12.1216	2118
12.1279	2118
12.1321	2118
12.1331	2118
12.1381	2118
12.1436	2118
12.1446	2118
12.1506	2118
12.155	2118
12.156	2118
12.161	2118
12.1662	2118
12.1675	2118
12.1725	2118
12.1787	2118
12.18	2118
12.1849	2118
12.1892	2118
12.1902	2118
12.1954	2118
12.2016	2118
12.2016	2118
12.2078	2118
12.2128	2118
12.2131	2118
12.2183	2118
12.2233	2118
12.2243	2118
12.2298	2118
12.2357	2118
12.2367	2118
12.2412	2118
12.2462	2118
12.2472	2118
12.2524	2118
12.2587	2118
12.2587	2118
12.2649	2118
12.2691	2118
12.2701	2118
12.2751	2118
12.2806	2118
12.2816	2118
12.2876	2118
12.2921	2118
12.2931	2118
12.298	2118
12.3033	2118
12.3045	2118
12.3095	2118
12.3157	2118
12.317	2118
12.3219	2118
12.3262	2118
12.3272	2118
12.3324	2118
12.3386	2118
12.3386	2118
12.3449	2118
12.3499	2118
12.3501	2118
12.3553	2118
12.3603	2118
12.3613	2118
12.3668	2118
12.3728	2118
12.3738	2118
12.3782	2118
12.3832	2118
12.3842	2118
12.3895	2118
12.3957	2118
12.3957	2118
12.4019	2118
12.4061	2118
12.4071	2118
12.4121	2118
12.4176	2118
12.4186	2118
12.4246	2118
12.4292	2118
12.4302	2118
12.435	2118
12.4403	2118
12.4415	2118
12.4465	2118
12.4521	2118
12.4531	2118
12.459	2118
12.4632	2118
12.4642	2118
12.4694	2118
12.4756	2118
12.4756	2118
12.4819	2118
12.4869	2118
12.4871	2118
12.4924	2118
12.4973	2118
12.4983	2118
12.5038	2118
12.5098	2118
12.5108	2118
12.5154	2118
12.5202	2118
12.5211	2118
12.5261	2118
12.5327	2118
12.5327	2118
12.5383	2118
12.5431	2118
12.5441	2118
12.549	2118
12.5548	2118
12.5556	2118
12.5616	2118
12.5662	2118
12.5672	2118
12.5729	2118
12.5777	2118
12.5787	2118
12.5835	2118
12.5891	2118
12.5901	2118
12.596	2118
12.6006	2118
12.6016	2118
12.6066	2118
12.612	2118
12.612	2118
12.618	2118
12.623	2118
12.624	2118
12.6295	2118
12.6347	2118
12.6357	2118
12.6419	2118
12.6467	2118
12.6477	2118
12.6524	2118
12.6573	2118
12.6583	2118
12.6639	2118
12.6698	2118
12.6698	2118
12.6753	2118
12.6803	2118
12.6813	2118
12.6865	2118
12.6917	2118
12.6927	2118
12.6985	2118
12.7032	2118
12.7042	2118
12.7094	2118
12.7147	2118
12.7157	2118
12.7204	2118
12.7261	2118
12.7271	2118
12.7321	2118
12.7376	2118
12.7386	2118
12.7436	2118
12.7491	2118
12.7491	2118
12.755	2118
12.7608	2118
12.7615	2118
12.7665	2118
12.7712	2118
12.7722	2118
12.7789	2118
12.7837	2118
12.7847	2118
12.7894	2118
12.7944	2118
12.7951	2118
12.8009	2118
12.8068	2118
12.8068	2118
12.8123	2118
12.8173	2118
12.8183	2118
12.8231	2118
12.8288	2118
12.8298	2118
12.8355	2118
12.8402	2118
12.8412	2118
12.847	2118
12.8517	2118
12.8527	2118
12.8574	2118
12.8632	2118
12.8641	2118
12.8691	2118
12.8746	2118
12.8756	2118
12.8806	2118
12.8861	2118
12.8861	2118
12.892	2118
12.8978	2118
12.8985	2118
12.9035	2118
12.9082	2118
12.9092	2118
12.916	2118
12.9207	2118
12.9217	2118
12.9264	2118
12.9314	2118
12.9322	2118
12.9379	2118
12.9439	2118
12.9439	2118
12.9493	2118
12.9543	2118
12.9553	2118
12.9601	2118
12.9658	2118
12.9668	2118
12.9725	2118
12.9772	2118
12.9782	2118
12.984	2118
12.9887	2118
12.9897	2118
12.9944	2118
13.0002	2118
13.0011	2118
13.0061	2118
13.0116	2118
13.0126	2118
13.0176	2118
13.0231	2118
13.0231	2118
13.0291	2118
13.0348	2118
13.0355	2118
13.0405	2118
13.0453	2118
13.0463	2118
13.053	2118
13.0577	2118
13.0587	2118
13.0634	2118
13.0684	2118
13.0692	2118
13.0749	2118
13.0809	2118
13.0809	2118
13.0865	2118
13.0913	2118
13.0923	2118
13.0971	2118
13.1028	2118
13.1038	2118
13.1094	2118
13.1142	2118
13.1152	2118
13.12	2118
13.1257	2118
13.1267	2118
13.1315	2118
13.1373	2118
13.1382	2118
13.1432	2118
13.1486	2118
13.1496	2118
13.1546	2118
13.1602	2118
13.1602	2118
13.1661	2118
13.1712	2118
13.1722	2118
13.1775	2118
13.1821	2118
13.1831	2118
13.19	2118
13.1946	2118
13.1956	2118
13.2004	2118
13.2054	2118
13.2062	2118
13.2111	2118
13.2179	2118
13.2179	2118
13.2234	2118
13.2282	2118
13.2292	2118
13.2345	2118
13.2409	2118
13.2409	2118
13.2466	2118
13.2513	2118
13.2523	2118
13.2574	2118
13.2628	2118
13.2638	2118
13.2685	2118
13.2742	2118
13.2752	2118
13.2802	2118
13.2858	2118
13.2868	2118
13.2915	2118
13.2972	2118
13.2972	2118
13.3032	2118
13.3082	2118
13.3092	2118
13.3147	2118
13.3197	2118
13.3207	2118
13.3246	2118
13.3299	2118
13.3299	2118
13.3336	2118
13.3386	2118
13.3386	2118
13.3433	2118
13.347	2118
13.347	2118
13.352	2118
13.3565	2118
13.3575	2118
13.3615	2118
13.3652	2118
13.3662	2118
13.3705	2118
13.3749	2118
13.3759	2118
13.3797	2118
13.3839	2118
13.3849	2118
13.3889	2118
13.3922	2118
13.3932	2118
13.3979	2118
13.4026	2118
13.4026	2118
13.4079	2118
13.4118	2118
13.4118	2118
13.4161	2118
13.4213	2118
13.4213	2118
13.4275	2118
13.4338	2118
13.4338	2118
13.44	2118
13.4462	2118
13.4462	2118
13.4524	2118
13.4587	2118
13.4587	2118
13.4649	2118
13.4711	2118
13.4711	2118
13.4773	2118
13.4836	2118
13.4836	2118
13.4898	2118
13.496	2118
13.496	2118
13.5023	2118
13.5085	2118
13.5085	2118
13.5147	2118
13.5209	2118
13.5209	2118
13.5272	2118
13.5334	2118
13.5334	2118
13.5396	2118
13.544	2118
13.544	2118
13.5492	2118
13.5554	2118
13.5554	2118
13.5617	2118
13.5679	2118
13.5679	2118
13.5741	2118
13.5803	2118
13.5803	2118
13.587	2118
13.5909	2118
13.5962	2118
13.5962	2118
13.6024	2118
13.6086	2118
13.6086	2118
13.6149	2118
13.6464	2118
13.6533	2118
13.6556	2118
13.6629	2118
13.6694	2118
13.6704	2118
13.6774	2118
13.6848	2118
13.6858	2118
13.6926	2118
13.6993	2118
13.7065	2118
13.7075	2118
13.715	2118
13.7217	2118
13.7294	2118
13.7304	2118
13.7371	2118
13.7447	2118
13.7519	2118
13.7529	2118
13.7591	2118
13.7669	2118
13.8884	2118
13.8947	2118
13.8947	2118
13.9013	2118
13.9062	2118
13.9119	2118
13.9129	2118
13.9171	2118
13.9231	2118
13.9231	2118
13.9291	2118
13.9344	2118
13.9354	2118
13.9404	2118
13.9459	2118
13.9469	2118
13.9518	2118
13.9576	2118
13.9586	2118
13.9785	2051
13.9871	2051
13.9871	2051
13.9934	2051
13.9991	2051
13.9991	2051
14.0087	2051
14.0149	2051
14.0149	2051
14.0207	2051
14.0274	2051
14.0274	2051
14.0331	2051
14.0389	2051
14.0485	2051
14.0547	2051
14.0605	2051
14.0605	2051
14.0672	2051
14.0729	2051
14.0739	2051
14.082	2051
14.1438	2051
14.1438	2051
14.1496	2051
14.1545	2051
14.1555	2051
14.1618	2051
14.1668	2051
14.1678	2051
14.1727	2051
14.1782	2051
14.1792	2051
14.1842	2051
14.1904	2051
14.1904	2051
14.1967	2051
14.2019	2051
14.2029	2051
14.2081	2051
14.2135	2051
14.2145	2051
14.2206	2051
14.2256	2051
14.2266	2051
14.231	2051
14.237	2051
14.2386	2051
14.2436	2051
14.2492	2051
14.2492	2051
14.2552	2051
14.2608	2051
14.2618	2051
14.2675	2051
14.2723	2051
14.2733	2051
14.28	2051
14.2847	2051
14.2857	2051
14.2905	2051
14.2965	2051
14.2977	2051
14.3024	2051
14.3088	2051
14.3088	2051
14.3148	2051
14.3197	2051
14.3207	2051
14.3266	2051
14.3313	2051
14.3323	2051
14.3373	2051
14.3433	2051
14.3443	2051
14.3493	2051
14.3553	2051
14.3563	2051
14.3618	2051
14.3678	2051
14.3678	2051
14.3733	2051
14.3783	2051
14.3793	2051
14.3858	2051
14.3907	2051
14.3917	2051
14.3962	2051
14.4022	2051
14.4032	2051
14.4084	2051
14.4146	2051
14.4156	2051
14.4209	2051
14.4261	2051
14.4261	2051
14.4323	2051
14.4375	2051
14.4385	2051
14.4448	2051
14.449	2051
14.45	2051
14.4556	2051
14.4615	2051
14.4625	2051
14.4673	2051
14.4739	2051
14.4749	2051
14.4793	2051
14.4845	2051
14.4855	2051
14.4914	2051
14.497	2051
14.498	2051
14.5038	2051
14.5081	2051
14.5093	2051
14.5143	2051
14.5206	2051
14.5218	2051
14.5267	2051
14.533	2051
14.533	2051
14.5382	2051
14.5434	2051
14.5444	2051
14.5507	2051
14.5559	2051
14.5569	2051
14.5621	2051
14.5671	2051
14.5683	2051
14.5736	2051
14.5796	2051
14.5808	2051
14.585	2051
14.591	2051
14.591	2051
14.5975	2051
14.6025	2051
14.6035	2051
14.61	2051
14.6149	2051
14.6159	2051
14.6214	2051
14.6264	2051
14.6274	2051
14.6326	2051
14.6388	2051
14.6398	2051
14.6441	2051
14.6503	2051
14.6503	2051
14.6565	2051
14.6618	2051
14.6628	2051
14.669	2051
14.6736	2051
14.6746	2051
14.6796	2051
14.6853	2051
14.686	2051
14.691	2051
14.6978	2051
14.6988	2051
14.7034	2051
14.7094	2051
14.7094	2051
14.7153	2051
14.7202	2051
14.7212	2051
14.7279	2051
14.7326	2051
14.7336	2051
14.7384	2051
14.7441	2051
14.7451	2051
14.7509	2051
14.7562	2051
14.7572	2051
14.7624	2051
14.7686	2051
14.7686	2051
14.7744	2051
14.7792	2051
14.7802	2051
14.7867	2051
14.7917	2051
14.7927	2051
14.7974	2051
14.8032	2051
14.804	2051
14.809	2051
14.8155	2051
14.8165	2051
14.8219	2051
14.8266	2051
14.8276	2051
14.8333	2051
14.838	2051
14.839	2051
14.8457	2051
14.8506	2051
14.8519	2051
14.8569	2051
14.8621	2051
14.8631	2051
14.8683	2051
14.874	2051
14.874	2051
14.8809	2051
14.8853	2051
14.8863	2051
14.8923	2051
14.8973	2051
14.8984	2051
14.9046	2051
14.9096	2051
14.9109	2051
14.9151	2051
14.9216	2051
14.9223	2051
14.9273	2051
14.9339	2051
14.9339	2051
14.9397	2051
14.9444	2051
14.9454	2051
14.9514	2051
14.9565	2051
14.9577	2051
14.9637	2051
14.9689	2051
14.9697	2051
14.9747	2051
14.9805	2051
14.9813	2051
14.987	2051
14.993	2051
14.993	2051
14.9984	2051
15.0033	2051
15.0043	2051
15.0105	2051
15.0158	2051
15.0168	2051
15.0218	2051
15.0277	2051
15.0287	2051
15.0336	2051
15.0393	2051
15.0403	2051
15.045	2051
15.051	2051
15.051	2051
15.0574	2051
15.0623	2051
15.0633	2051
15.0693	2051
15.0743	2051
15.0753	2051
15.0809	2051
15.0866	2051
15.0876	2051
15.0934	2051
15.0981	2051
15.1029	2051
15.1092	2051
15.1144	2051
15.1154	2051
15.1216	2051
15.1282	2051
15.1312	2051
15.137	2051
15.1417	2051
15.1465	2051
15.1528	2051
15.157	2051
15.159	2051
15.1652	2051
15.171	2051
15.1748	2051
15.1806	2051
15.1853	2051
15.1873	2051
15.1964	2051
15.2016	2051
15.2026	2051
15.2117	2051
15.2164	2051
15.2184	2051
15.2242	2051
15.2299	2051
15.2337	2051
15.24	2051
15.2442	2051
15.2467	2051
15.2524	2051
15.259	2051
15.262	2051
15.2682	2051
15.2744	2051
15.2773	2051
15.2836	2051
15.2888	2051
15.2898	2051
15.2989	2051
15.3036	2051
15.3056	2051
15.3147	2051
15.32	2051
15.3209	2051
15.3257	2051
15.3316	2051
15.3326	2051
15.3371	2051
15.3431	2051
15.3431	2051
15.3497	2051
15.3547	2051
15.3554	2051
15.3612	2051
15.3661	2051
15.3671	2051
15.3727	2051
15.3785	2051
15.3795	2051
15.3842	2051
15.3909	2051
15.3919	2051
15.3961	2051
15.4021	2051
15.4021	2051
15.4086	2051
15.4139	2051
15.4149	2051
15.4202	2051
15.4259	2051
15.4269	2051
15.4316	2051
15.4378	2051
15.4388	2051
15.4431	2051
15.4498	2051
15.4508	2051
15.4555	2051
15.4613	2051
15.4613	2051
15.467	2051
15.473	2051
15.4738	2051
15.4791	2051
15.4845	2051
15.4855	2051
15.4901	2051
15.4969	2051
15.4979	2051
15.5024	2051
15.5082	2051
15.5082	2051
15.5145	2051
15.5197	2051
15.5207	2051
15.5298	2051
15.5345	2051
15.5365	2051
15.5456	2051
15.551	2051
15.5518	2051
15.5581	2051
15.5633	2051
15.5676	2051
15.5734	2051
15.5781	2051
15.5801	2051
15.5859	2051
15.5906	2051
15.5954	2051
15.6017	2051
15.6069	2051
15.6112	2051
15.617	2051
15.6217	2051
15.6237	2051
15.6323	2051
15.6376	2051
15.6386	2051
15.6477	2051
15.6524	2051
15.6544	2051
15.6601	2051
15.6659	2051
15.6668	2051
15.6726	2051
15.6773	2051
15.6793	2051
15.685	2051
15.6908	2051
15.6917	2051
15.6975	2051
15.7022	2051
15.7042	2051
15.71	2051
15.7147	2051
15.7195	2051
15.7258	2051
15.73	2051
15.732	2051
15.7382	2051
15.7435	2051
15.7444	2051
15.7507	2051
15.7559	2051
15.7569	2051
15.7631	2051
15.7684	2051
15.7698	2051
15.7756	2051
15.7822	2051
15.7852	2051
15.79	2051
15.7956	2051
15.7976	2051
15.8034	2051
15.8081	2051
15.8101	2051
15.8158	2051
15.8206	2051
15.8225	2051
15.8283	2051
15.833	2051
15.835	2051
15.8399	2051
15.8456	2051
15.8474	2051
15.8523	2051
15.8579	2051
15.8599	2051
15.8661	2051
15.8714	2051
15.8724	2051
15.8815	2051
15.8868	2051
15.8882	2051
15.8939	2051
15.8986	2051
15.9035	2051
15.9097	2051
15.915	2051
15.9193	2051
15.924	2051
15.9299	2051
15.9356	2051
15.9366	2051
15.9414	2051
15.9472	2051
15.9505	2051
15.9557	2051
15.96	2051
15.9658	2051
15.9705	2051
15.9755	2051
15.9787	2051
15.984	2051
15.9888	2051
15.994	2051
15.9993	2051
16.0048	2051
16.0094	2051
16.0142	2051
16.0191	2051
16.0218	1818
16.0276	1818
16.0335	1818
16.0343	1818
16.04	1818
16.0472	1818
16.0535	1818
16.0545	1818
16.0607	1818
16.0669	1818
16.0679	1818
16.0733	1818
16.0799	1818
16.0809	1818
16.0867	1818
16.0932	1818
16.0942	1818
16.1009	1818
16.1067	1818
16.1077	1818
16.1139	1818
16.1191	1818
16.1251	1818
16.1263	1818
16.133	1818
16.1398	1818
16.1408	1818
16.1465	1818
16.1525	1818
16.1531	1818
16.1593	1818
16.1653	1818
16.1666	1818
16.1728	1818
16.1794	1818
16.1804	1818
16.1869	1818
16.1923	1818
16.1933	1818
16.1992	1818
16.2059	1818
16.2067	1818
16.2126	1818
16.2191	1818
16.2191	1818
16.2261	1818
16.2326	1818
16.2336	1818
16.239	1818
16.245	1818
16.246	1818
16.252	1818
16.2585	1818
16.2595	1818
16.2667	1818
16.2729	1818
16.2739	1818
16.2791	1818
16.2854	1818
16.2864	1818
16.2925	1818
16.2985	1818
16.2995	1818
16.306	1818
16.3123	1818
16.3133	1818
16.3198	1818
16.3257	1818
16.3267	1818
16.3322	1818
16.3381	1818
16.3391	1818
16.3453	1818
16.3526	1818
16.3526	1818
16.359	1818
16.365	1818
16.3663	1780
16.3721	1780
16.3788	1780
16.3798	1780
16.3865	1780
16.3928	1780
16.3935	1780
16.3994	1780
16.4061	1780
16.4088	1780
16.4148	1780
16.4206	1780
16.4213	1780
16.4273	1780
16.4345	1780
16.4366	1780
16.4426	1780
16.4488	1780
16.4491	1780
16.4551	1780
16.4623	1780
16.464	1780
16.4708	1780
16.4766	1780
16.4798	1780
16.4851	1780
16.4911	1780
16.4928	1780
16.4985	1780
16.5055	1780
16.5076	2118
16.5129	2118
16.5179	2118
16.5189	2118
16.5231	2118
16.5293	2118
16.5293	2118
16.5356	2118
16.5407	2118
16.5417	2118
16.5467	2118
16.5511	2118
16.5521	2118
16.5571	2118
16.5633	2118
16.5646	2118
16.5696	2118
16.5746	2118
16.5756	2118
16.5804	2118
16.5864	2118
16.5864	2118
16.5929	2118
16.5978	2118
16.5988	2118
16.6036	2118
16.6083	2118
16.6093	2118
16.6155	2118
16.6202	2118
16.6212	2118
16.627	2118
16.6317	2118
16.6327	2118
16.6376	2118
16.6433	2118
16.6443	2118
16.649	2118
16.6548	2118
16.6558	2118
16.6604	2118
16.6663	2118
16.6663	2118
16.6726	2118
16.6778	2118
16.6788	2118
16.6834	2118
16.6884	2118
16.6894	2118
16.6944	2118
16.7002	2118
16.7012	2118
16.7062	2118
16.7117	2118
16.7127	2118
16.7176	2118
16.7239	2118
16.7239	2118
16.73	2118
16.735	2118
16.7352	2118
16.7405	2118
16.7459	2118
16.7469	2118
16.7525	2118
16.7572	2118
16.7582	2118
16.7632	2118
16.7685	2118
16.7695	2118
16.7746	2118
16.7808	2118
16.7818	2118
16.7865	2118
16.7913	2118
16.7923	2118
16.7973	2118
16.8038	2118
16.8038	2118
16.8096	2118
16.8143	2118
16.8153	2118
16.8203	2118
16.8254	2118
16.8267	2118
16.8316	2118
16.8379	2118
16.8386	2118
16.8436	2118
16.8484	2118
16.8502	2118
16.8559	2118
16.8602	2118
16.8645	2118
16.8655	2118
16.8694	2118
16.877	2118
16.878	2118
16.8849	2118
16.8924	2118
16.8934	2118
16.901	2118
16.9072	2118
16.9082	2118
16.9154	2118
16.9222	2118
16.9239	2118
16.9309	2118
16.9374	2118
16.9383	2118
16.9459	2118
16.9529	2118
16.9547	2118
16.9614	2118
16.9686	2118
16.9696	2118
16.9767	2118
16.9834	2118
16.9844	2118
16.991	2118
16.9988	2118
17.006	2118
17.007	2118
17.0132	2118
17.0202	2118
17.0222	2118
17.0231	2118
17.0309	2118
17.0375	2118
17.0444	2118
17.0454	2118
17.0529	2118
17.0597	2118
17.0664	2118
17.0674	2118
17.0749	2118
17.0816	2118
17.0825	2118
17.1132	2051
17.1199	2051
17.1199	2051
17.1258	2051
17.1324	2051
17.1324	2051
17.1386	2051
17.1444	2051
17.1444	2051
17.1454	2051
17.152	2051
17.1569	2051
17.1579	2051
17.1622	2051
17.1684	2051
17.1694	2051
17.1746	2051
17.1809	2051
17.1817	2051
17.1865	2051
17.1914	2051
17.1924	2051
17.1985	2051
17.2034	2051
17.2044	2051
17.2104	2051
17.2154	2051
17.2211	1999
17.2211	1999
17.2272	1999
17.2332	1999
17.2342	1999
17.2395	1999
17.245	1999
17.246	1999
17.2518	1999
17.257	1999
17.258	1999
17.263	1999
17.2699	1999
17.2709	1999
17.2758	1999
17.2816	1999
17.2826	1999
17.2882	1999
17.2939	1999
17.2949	1999
17.3006	1999
17.3055	1999
17.3065	1999
17.313	1999
17.3174	1999
17.3184	1999
17.3241	1999
17.3298	1999
17.3308	1999
17.3365	1999
17.3425	1999
17.3425	1999
17.3486	1999
17.3543	1999
17.3543	1999
17.3601	1999
17.3662	1999
17.3672	1999
17.3721	1999
17.3784	1999
17.3794	1999
17.3846	1999
17.3907	1999
17.3917	1999
17.3965	1999
17.4025	1999
17.4035	1999
17.4088	1999
17.4148	1999
17.4158	1999
17.4217	1999
17.4267	1999
17.4277	1999
17.4448	1999
17.451	1999
17.451	1999
17.4573	1999
17.4664	1999
17.4664	1999
17.4726	1999
17.4793	1999
17.4793	1999
17.4855	1999
17.4918	1999
17.4918	1999
17.498	1999
17.5042	1999
17.5042	1999
17.5105	1999
17.52	1999
17.52	1999
17.5262	1999
17.5325	1999
17.5325	1999
17.5382	1999
17.5449	1999
17.5459	1999
17.5507	1999
17.5569	1999
17.5579	1999
17.5632	1999
17.5694	1999
17.5694	1999
17.5756	1999
17.5818	1999
17.5818	1999
17.5885	1999
17.5972	1999
17.5972	1999
17.6039	1999
17.6096	1999
17.6096	1999
17.6163	1999
17.6221	1999
17.6221	1999
17.6288	1999
17.6345	1999
17.6345	1999
17.6441	1999
17.6495	1999
17.6505	1999
17.6566	1999
17.6628	1999
17.6628	1999
17.669	1999
17.6753	1999
17.6753	1999
17.6816	1999
17.6878	1999
17.6878	1999
17.6935	1999
17.7002	1999
17.7002	1999
17.707	1999
17.7127	1999
17.7127	1999
17.7184	1999
17.7242	1999
17.7252	1999
17.7309	1999
17.7365	1999
17.7375	1999
17.7424	1999
17.749	1999
17.75	1999
17.7548	1999
17.76	1999
17.761	1999
17.7663	1999
17.7725	1999
17.7735	1999
17.7797	1999
17.7941	1999
17.7941	1999
17.8008	1999
17.8103	1999
17.8152	1999
17.8162	1999
17.8223	1999
17.8319	1999
17.8319	1999
17.839	1999
17.845	1999
17.8507	1999
17.8515	1999
17.8564	1999
17.8627	1999
17.8637	1999
17.8702	1999
17.876	1999
17.877	1999
17.8827	1999
17.887	1999
17.888	1999
17.8956	1999
17.9014	1999
17.9014	1999
17.9081	1999
17.9147	1839
17.9207	1839
17.9217	1839
17.9276	1839
17.9336	1839
17.9434	1839
17.9494	1839
17.9504	1839
17.9562	1839
17.9628	1839
17.9651	1839
17.9718	1839
17.9776	1839
17.9833	1839
17.9843	1839
17.9903	1839
17.9964	1839
17.9976	1839
18.0036	1839
18.0096	1839
18.0155	1839
18.0165	1839
18.0226	1839
18.0289	1839
18.0299	1839
18.0351	1839
18.0423	1839
18.0432	1839
18.0496	1839
18.0557	1839
18.0567	1839
18.0624	1839
18.0681	1839
18.0691	1839
18.0753	1839
18.0817	1839
18.0827	1839
18.0887	1839
18.0947	1839
18.0957	1839
18.1019	1839
18.1075	1839
18.1085	1839
18.1142	1839
18.1217	1839
18.1217	1839
18.1287	1839
18.1342	1839
18.1352	1839
18.1412	1839
18.1477	1839
18.1487	1839
18.1548	1839
18.1608	1839
18.1618	1839
18.1673	1839
18.1732	1839
18.1742	1839
18.1807	1839
18.1867	1839
18.1877	1839
18.1932	1839
18.1992	1839
18.2002	1839
18.2063	1839
18.2135	1839
18.2135	1839
18.2207	1839
18.227	1856
18.228	1856
18.2331	1856
18.2393	1856
18.2403	1856
18.246	1856
18.252	1856
18.2532	1856
18.2594	1856
18.2656	1856
18.2666	1856
18.2729	1856
18.2787	1856
18.2797	1856
18.2859	1856
18.2914	1856
18.2924	1856
18.2983	1856
18.3045	1856
18.3058	1856
18.3117	1856
18.318	1856
18.319	1856
18.3241	1856
18.3303	1856
18.3313	1856
18.3375	1856
18.3432	1856
18.3442	1856
18.351	1856
18.3566	1856
18.3576	1856
18.3633	1856
18.369	1856
18.37	1856
18.3769	1856
18.3821	1856
18.3834	1856
18.3893	1856
18.3953	1856
18.3963	1856
18.4022	1856
18.4089	1856
18.4099	1856
18.4156	1856
18.4214	1856
18.4224	1856
18.4281	1856
18.4348	1856
18.4358	1856
18.4414	1856
18.4474	1856
18.4486	1856
18.4549	1856
18.4601	1856
18.4611	1856
18.4673	1856
18.4735	1856
18.4745	1856
18.4802	1856
18.4862	1856
18.4872	1856
18.4936	1856
18.4996	1856
18.5003	1856
18.5061	1856
18.512	1856
18.5138	1856
18.5195	1856
18.5254	1856
18.5264	1856
18.5328	1856
18.5388	1856
18.5398	1856
18.5453	1856
18.5516	1856
18.5526	1856
18.5584	1856
18.5641	1856
18.5651	1856
18.5718	1856
18.5785	1856
18.5785	1856
18.5843	1856
18.5919	1856
18.5919	1856
18.5981	1856
18.6043	1856
18.6043	1856
18.6116	1856
18.6178	1856
18.6188	1856
18.624	1856
18.6303	1856
18.6313	1856
18.6373	1856
18.6431	1856
18.644	1856
18.6508	1856
18.6565	1856
18.6575	1856
18.6634	1856
18.6699	1856
18.6709	1856
18.6768	1856
18.6823	1856
18.6833	1856
18.6893	1856
18.6958	1856
18.6967	1856
18.7027	1856
18.7082	1856
18.7092	1856
18.7156	1856
18.7213	1856
18.722	1856
18.728	1856
18.7345	1856
18.7355	1856
18.7415	1856
18.748	1856
18.749	1856
18.7549	1856
18.7604	1856
18.7614	1856
18.7673	1856
18.7739	1856
18.7749	1856
18.7807	1856
18.7869	1856
18.7872	1856
18.7932	1856
18.7994	1856
18.8007	1856
18.8066	1856
18.8121	1856
18.8131	1856
18.8196	1856
18.8252	1856
18.8262	1856
18.8329	1856
18.8386	1856
18.8396	1856
18.8462	1856
18.8521	1856
18.8521	1856
18.8597	1856
18.8659	1856
18.8659	1856
18.8721	1856
18.8784	1856
18.8794	1856
18.8856	1856
18.8918	1856
18.8928	1856
18.898	1856
18.9043	1856
18.9053	1856
18.9115	1856
18.9177	1856
18.9187	1856
18.9243	1856
18.9301	1856
18.9311	1856
18.9378	1856
18.9435	1856
18.9445	1856
18.9521	1856
18.9584	1856
18.9584	1856
18.9656	1856
18.9718	1856
18.9718	1856
18.978	1856
18.9842	1856
18.9852	1856
18.9915	1856
18.9977	1856
18.9987	1856
19.0044	1856
19.011	1856
19.011	1856
19.0177	1856
19.0245	1856
19.0245	1856
19.0302	1856
19.0379	1856
19.0379	1856
19.0446	1856
19.0504	1856
19.0504	1856
19.0571	1856
19.0638	1856
19.0646	1856
19.0706	1856
19.0768	1856
19.0778	1856
19.0839	1856
19.0891	1856
19.0901	1856
19.0963	1856
19.1026	1856
19.1036	1856
19.1098	1856
19.115	1856
19.116	1856
19.1223	1856
19.1285	1856
19.1295	1856
19.1361	1856
19.1422	1856
19.1422	1856
19.1495	1856
19.1553	1856
19.1553	1856
19.163	1856
19.1687	1856
19.1697	1856
19.1754	1856
19.1812	1856
19.1822	1856
19.1889	1856
19.195	1856
19.196	1856
19.2012	1856
19.2074	1856
19.2084	1856
19.2147	1856
19.2209	1856
19.2219	1856
19.2271	1856
19.2334	1856
19.2344	1856
19.2406	1856
19.2477	1856
19.2477	1856
19.2544	1856
19.2601	1856
19.2601	1856
19.2678	1856
19.2736	1856
19.2736	1856
19.2803	1856
19.2861	1856
19.2871	1856
19.2938	1856
19.3009	1856
19.3009	1856
19.3071	1856
19.3133	1856
19.3133	1856
19.3205	1856
19.3268	1856
19.3268	1856
19.333	1856
19.3392	1856
19.3402	1856
19.3465	1856
19.3527	1856
19.3537	1856
19.3603	1856
19.3661	1856
19.3661	1856
19.3737	1856
19.3795	1856
19.3795	1856
19.3862	1856
19.3929	1856
19.3939	1856
19.4005	1856
19.4064	1856
19.4064	1856
19.414	1856
19.4192	1856
19.4192	1856
19.4264	1856
19.4327	1856
19.4337	1856
19.4399	1856
19.4451	1856
19.4461	1856
19.4523	1856
19.4586	1856
19.4596	1856
19.4658	1856
19.471	1856
19.472	1856
19.4783	1856
19.4844	1856
19.4854	1856
19.4911	1856
19.4978	1856
19.4988	1856
19.5045	1856
19.5103	1856
19.5113	1856
19.518	1856
19.5237	1856
19.5247	1856
19.5313	1856
19.5372	1856
19.5372	1856
19.5448	1856
19.551	1856
19.551	1856
19.5572	1856
19.5634	1856
19.5644	1856
19.5707	1856
19.5769	2051
19.5769	2051
19.5821	2051
19.5871	2051
19.5884	2051
19.595	2051
19.5999	2051
19.6009	2051
19.6064	2051
19.6114	2051
19.6124	2051
19.6171	2051
19.6238	2051
19.6248	2051
19.6296	2051
19.6353	2051
19.6353	2051
19.6411	2051
19.6468	2051
19.6478	2051
19.6538	2051
19.6589	2051
19.6591	2051
19.6651	2051
19.6703	2051
19.6713	2051
19.6765	2051
19.6828	2051
19.6838	2051
19.688	2051
19.694	2051
19.694	2051
19.7005	2051
19.7055	2051
19.7065	2051
19.7123	2051
19.7173	2051
19.7183	2051
19.723	2051
19.7297	2051
19.7307	2051
19.7355	2051
19.7412	2051
19.7422	2051
19.7472	2051
19.7536	2051
19.7536	2051
19.7596	2051
19.7647	2051
19.766	2051
19.772	2051
19.7762	2051
19.7772	2051
19.7824	2051
19.7887	2051
19.7896	2051
19.7949	2051
19.8001	2051
19.8011	2051
19.8063	2051
19.8126	2051
19.8126	2051
19.8188	2051
19.8231	2051
19.8241	2051
19.8306	2051
19.8356	2051
19.8366	2051
19.8414	2051
19.8471	2051
19.8481	2051
19.8538	2051
19.8595	2051
19.8595	2051
19.8653	2051
19.871	2051
19.872	2051
19.878	2051
19.8821	2051
19.8831	2051
19.8893	2051
19.8945	2051
19.8955	2051
19.9008	2051
19.907	2051
19.908	2051
19.9122	2051
19.9172	2051
19.9172	2051
19.9227	2051
19.9267	2051
19.9277	2051
19.9319	2051
19.9352	2051
19.9361	2051
19.9401	2051
19.9453	2051
19.9466	2051
19.9506	2051
19.9546	2051
19.9558	2051
19.9591	2051
19.964	2051
19.964	2051
19.9693	2051
19.9735	2051
19.9745	2051
19.9785	2051
19.984	2051
19.984	2051
19.9889	2051
19.9922	2051
19.9932	2051
19.9974	2051
