0.01	0
0.01	0
0.01	0
0.01	0
0.01	0
0.01	0
0.01	0
0.01	0
0.01	0
0.01	0
0.01	0
0.013	0
0.013	0
0.017	0
0.113192	108
0.114192	108
0.124657	427
0.133841	685
0.134713	759
0.139057	835
0.144929	908
0.144929	908
0.149929	908
0.153929	908
0.154929	908
0.158929	908
0.162929	908
0.163929	908
0.167929	908
0.171929	908
0.172929	908
0.176929	908
0.181929	908
0.181929	908
0.185929	908
0.190929	908
0.190929	908
0.195929	908
0.199929	908
0.200929	908
0.204929	908
0.208929	908
0.209929	908
0.213797	1052
0.217389	1149
0.217389	1149
0.221389	1149
0.227853	1149
0.227853	1149
0.230853	1149
0.237909	1149
0.237909	1149
0.240909	1149
0.244253	1149
0.244253	1149
0.248501	1149
0.251501	1149
0.252501	1149
0.255533	1149
0.258125	1149
0.259125	1149
0.262125	1149
0.266533	1149
0.266533	1149
0.269125	1149
0.273533	1149
0.273533	1149
0.277125	1149
0.280125	1149
0.281125	1149
0.284533	1149
0.287501	1149
0.288501	1149
0.291501	1149
0.295209	1149
0.295209	1149
0.299125	1149
0.302533	1149
0.303533	1149
0.306125	1149
0.309125	1149
0.310245	1155
0.313213	1192
0.316213	1192
0.317213	1192
0.320805	2262
0.322773	2299
0.322773	2299
0.324773	2299
0.326773	2299
0.326773	2299
0.328517	2299
0.329517	2299
0.329517	2299
0.331517	2299
0.333237	2315
0.333237	2315
0.335205	2354
0.336205	2354
0.337205	2354
0.338077	2392
0.340077	2392
0.340077	2392
0.344765	2482
0.345765	2482
0.345765	2482
0.350509	2482
0.351885	2482
0.351885	2482
0.353853	2508
0.354853	2508
0.355853	2508
0.359597	2508
0.360973	2508
0.360973	2508
0.363413	2519
0.364413	2519
0.364413	2519
0.369157	2519
0.370533	2519
0.370533	2519
0.375373	2519
0.376373	2519
0.376373	2519
0.378245	2519
0.379245	2519
0.380245	2519
0.384933	2519
0.385933	2519
0.385933	2519
0.387805	2519
0.388805	2519
0.389805	2519
0.394025	2519
0.395025	2519
0.395025	2519
0.397899	2519
0.398899	2519
0.399899	2519
0.403591	2519
0.404591	2519
0.404591	2519
0.406465	2519
0.407465	2519
0.408465	2519
0.412685	2519
0.413685	2519
0.413685	2519
0.416031	2519
0.417031	2519
0.417031	2519
0.422251	2519
0.423251	2519
0.423251	2519
0.425125	2519
0.426125	2519
0.427125	2519
0.431345	2519
0.432345	2519
0.432345	2519
0.434691	2519
0.435691	2519
0.436691	2519
0.440911	2519
0.441911	2519
0.441911	2519
0.446657	2519
0.447035	2519
0.447035	2519
0.450005	2519
0.451005	2519
0.451005	2519
0.456223	2519
0.457601	2519
0.457601	2519
0.459571	2519
0.460571	2519
0.461571	2519
0.462445	2519
0.464823	2519
0.464823	2519
0.465793	2534
0.467793	2534
0.467793	2534
0.471539	2534
0.474887	2570
0.474887	2570
0.475887	2570
0.477761	2594
0.477761	2594
0.484453	2617
0.485453	2617
0.485453	2617
0.487327	2617
0.490675	2649
0.490675	2649
0.491675	2649
0.493549	2649
0.496799	2649
0.499769	2649
0.502643	2670
0.503021	2670
0.505991	2701
0.506991	2701
0.512209	2701
0.513587	2701
0.515557	2704
0.521303	2704
0.522681	2704
0.524651	2704
0.530869	2704
0.531247	2704
0.534217	2704
0.537091	2704
0.540341	2704
0.543311	2704
0.546185	2730
0.547185	2730
0.549907	2730
0.552877	2730
0.555751	2747
0.559001	2747
0.561971	2747
0.564845	2747
0.565223	2747
0.568193	2747
0.574411	2747
0.575789	2747
0.577759	2754
0.583505	2754
0.584883	2754
0.586853	2754
0.593071	2754
0.594449	2754
0.596419	2754
0.599293	2754
0.602543	2754
0.605513	2754
0.608859	2766
0.609859	2766
0.609859	2766
0.615079	2766
0.617953	2766
0.617953	2766
0.621301	2766
0.627047	2766
0.627047	2766
0.630395	2771
0.636617	2771
0.636617	2771
0.639965	2771
0.645713	2771
0.645713	2771
0.649061	2771
0.651935	2780
0.651935	2780
0.655757	2788
0.661505	2788
0.661505	2788
0.664853	2800
0.665853	2800
0.665853	2800
0.670601	2800
0.673949	2800
0.673949	2800
0.680171	2800
0.683519	2800
0.683519	2800
0.686393	2819
0.689741	2842
0.689741	2842
0.690741	2842
0.695489	2842
0.695489	2842
0.698837	2842
0.701711	2860
0.701711	2860
0.705059	2860
0.711281	2860
0.711281	2860
0.714629	2860
0.717503	2860
0.717503	2860
0.720851	2860
0.723725	2860
0.723725	2860
0.727073	2860
0.732821	2870
0.732821	2870
0.736169	2870
0.739043	2870
0.739043	2870
0.745739	2870
0.751487	2870
0.751487	2870
0.754835	2870
0.757709	2870
0.757709	2870
0.764405	2870
0.767279	2870
0.767279	2870
0.773501	2870
0.779723	2870
0.779723	2870
0.783071	2870
0.785945	2870
0.785945	2870
0.795515	2870
0.798389	2870
0.798389	2870
0.804611	2870
0.807485	2870
0.807485	2870
0.814181	2870
0.817055	2870
0.817055	2870
0.823277	2870
0.829499	2870
0.829499	2870
0.832847	2870
0.835721	2870
0.835721	2870
0.845291	2870
0.848165	2870
0.848165	2870
0.857735	2870
0.860609	2870
0.860609	2870
0.866831	2870
0.873053	2870
0.873053	2870
0.876401	2870
0.885497	2870
0.885497	2870
0.888845	2870
0.897941	2870
0.897941	2870
0.901289	2870
0.907037	2870
0.907037	2870
0.913733	2870
0.916607	2870
0.916607	2870
0.919955	2870
0.926562	2870
0.929532	2870
0.929532	2870
0.933262	2870
0.936232	2870
0.94198	2870
0.94198	2870
0.948676	2870
0.95155	2870
0.95155	2870
0.958246	2870
0.96112	2870
0.96112	2870
0.967729	2870
0.968729	2870
0.970701	2870
0.976453	2870
0.976453	2870
0.979809	2870
0.980809	2870
0.983063	2870
0.986035	2870
0.992259	2870
0.995513	2870
0.998489	2870
0.999869	2870
1.00087	2870
1.00223	2870
1.00323	2870
1.00323	2870
1.0052	2870
1.01095	2870
1.01133	2870
1.0143	2870
1.01718	2870
1.0209	2870
1.02388	2870
1.02675	2870
1.03001	2870
1.03298	2870
1.03336	2870
1.03633	2870
1.03633	2870
1.03921	2870
1.04591	2870
1.04629	2870
1.04629	2870
1.04927	2870
1.05214	2870
1.05214	2870
1.05837	2870
1.06124	2870
1.06124	2870
1.0646	2870
1.06747	2870
1.06747	2870
1.07082	2870
1.07705	2870
1.07705	2870
1.0804	2870
1.08615	2870
1.08615	2870
1.0895	2870
1.09573	2870
1.09573	2870
1.09908	2870
1.10483	2870
1.10483	2870
1.10818	2870
1.1144	2870
1.1144	2870
1.12063	2870
1.12351	2870
1.12351	2870
1.13021	2870
1.13596	2870
1.13596	2870
1.13931	2870
1.14553	2870
1.14553	2870
1.14888	2870
1.15463	2870
1.15463	2870
1.16133	2870
1.16708	2870
1.16708	2870
1.17044	2870
1.17331	2870
1.17331	2870
1.18289	2870
1.18576	2870
1.18576	2870
1.19534	2870
1.19821	2870
1.19821	2870
1.20491	2870
1.21066	2870
1.21066	2870
1.21401	2870
1.22024	2870
1.22024	2870
1.22599	2870
1.22934	2870
1.22934	2870
1.23557	2870
1.24132	2870
1.2417	2870
1.24467	2870
1.25089	2870
1.25415	2870
1.25712	2870
1.26	2870
1.26038	2870
1.26335	2870
1.27245	2870
1.27533	2870
1.27821	2870
1.28193	2870
1.28491	2870
1.29066	2870
1.29104	2870
1.29204	2870
1.30397	2870
1.30497	2870
1.30597	2870
1.30982	2870
1.31082	2870
1.3127	2870
1.31308	2870
1.31308	2870
1.31653	2870
1.31748	2870
1.32036	2870
1.32036	2870
1.32658	2870
1.32993	2870
1.32993	2870
1.33616	2870
1.34286	2870
1.34286	2870
1.34574	2870
1.34613	2870
1.3491	2870
1.3491	2870
1.35198	2870
1.35236	2870
1.35533	2870
1.35533	2870
1.36156	2870
1.36779	2870
1.36879	2870
1.36879	2870
1.37402	2870
1.3769	2870
1.3769	2870
1.38025	2870
1.38312	2870
1.38312	2870
1.38648	2870
1.39223	2870
1.39223	2870
1.39845	2870
1.40133	2870
1.40133	2870
1.40803	2870
1.4109	2870
1.4109	2870
1.41426	2870
1.41713	2870
1.41713	2870
1.42383	2870
1.42671	2870
1.42671	2870
1.43293	2870
1.43868	2870
1.43868	2870
1.44251	2870
1.44539	2870
1.44539	2870
1.45449	2870
1.45784	2870
1.45784	2870
1.46406	2870
1.46981	2870
1.46981	2870
1.47651	2870
1.47939	2870
1.47939	2870
1.48897	2870
1.48935	2870
1.49232	2870
1.49232	2870
1.49854	2870
1.50477	2870
1.50477	2870
1.51052	2870
1.51387	2870
1.51387	2870
1.51722	2870
1.52632	2870
1.52632	2870
1.5292	2870
1.5359	2870
1.5359	2870
1.54165	2870
1.54835	2870
1.54835	2870
1.55122	2870
1.55745	2870
1.55745	2870
1.5608	2870
1.56702	2870
1.56702	2870
1.57277	2870
1.57947	2870
1.57947	2870
1.58235	2870
1.58858	2870
1.58858	2870
1.5948	2870
1.59768	2870
1.59768	2870
1.60438	2870
1.60726	2870
1.60726	2870
1.61014	2870
1.61877	2870
1.62165	2870
1.62203	2870
1.62303	2870
1.62501	2870
1.62601	2870
1.62789	2870
1.62874	2870
1.63985	2870
1.65178	2870
1.65278	2870
1.66472	2870
1.67545	2870
1.68692	2870
1.69824	2870
1.70945	2870
1.72019	2870
1.73285	2870
1.74305	2870
1.75488	2870
1.75685	2870
1.76708	2870
1.77954	2870
1.78029	2870
1.79275	2870
1.80333	2870
1.8052	2870
1.81643	2870
1.82714	2870
1.82914	2870
1.8407	2870
1.8518	2870
1.85306	2870
1.86413	2870
1.87609	2870
1.87706	2870
1.88904	2870
1.90063	2870
1.9025	2870
1.91311	2870
1.92497	2619
1.92594	2619
1.92981	2619
1.93481	2619
1.93481	2619
1.93993	2619
1.94369	2619
1.94469	2619
1.94857	2619
1.95233	2619
1.95333	2619
1.9572	2619
1.96134	2619
1.96234	2619
1.96634	2619
1.97107	2619
1.97107	2619
1.97631	2619
1.98018	2619
1.98018	2619
1.98542	2619
1.98929	2619
1.99029	2619
1.99453	2619
1.99853	2619
1.99953	2619
2.00328	2619
2.00851	2619
2.00851	2619
2.01251	2619
2.01762	2619
2.01762	2619
2.02232	2619
2.02632	2619
2.02732	2619
2.03132	2619
2.03568	2619
2.03668	2619
2.04068	2619
2.044	2619
2.045	2619
2.04976	2619
2.05436	2619
2.05436	2619
2.05921	2619
2.06394	2619
2.06494	2619
2.06892	2619
2.07205	2619
2.07305	2619
2.07702	2619
2.08102	2619
2.08263	2619
2.0866	2619
2.09121	2619
2.09121	2619
2.09621	2619
2.10093	2619
2.10093	2619
2.10519	2619
2.10916	2619
2.11051	2619
2.11477	2619
2.11874	2619
2.11974	2619
2.12387	2619
2.12884	2619
2.12884	2619
2.13245	2619
2.13742	2619
2.13742	2619
2.14218	2619
2.14688	2619
2.14788	2619
2.15176	2619
2.15501	2619
2.15698	2619
2.16034	2619
2.16459	2619
2.16556	2619
2.16956	2619
2.17467	2619
2.17467	2619
2.17967	2619
2.18328	2619
2.18425	2619
2.18825	2619
2.19286	2619
2.19383	2619
2.19783	2619
2.20158	2619
2.20258	2619
2.20681	2619
2.21116	2619
2.21116	2619
2.21639	2619
2.22039	2619
2.22114	2619
2.22549	2619
2.22949	2619
2.23049	2619
2.23407	2619
2.23807	2619
2.23907	2619
2.24356	2619
2.24853	2619
2.24853	2619
2.25366	2619
2.25763	2619
2.25763	2619
2.26224	2619
2.26621	2619
2.26721	2619
2.27134	2619
2.27532	2619
2.27632	2619
2.28032	2619
2.2858	2619
2.2858	2619
2.28965	2619
2.29438	2619
2.29438	2619
2.29923	2619
2.30348	2619
2.30448	2619
2.30833	2619
2.31206	2619
2.31306	2619
2.31704	2619
2.32117	2619
2.32217	2619
2.32614	2619
2.33175	2619
2.33175	2619
2.3366	2619
2.34047	2619
2.34147	2619
2.3452	2619
2.34905	2619
2.35005	2619
2.35431	2619
2.35828	2619
2.35963	2619
2.36389	2619
2.36886	2619
2.36886	2619
2.37399	2619
2.37744	2619
2.37744	2619
2.38219	2619
2.38642	2619
2.38742	2619
2.3913	2619
2.39503	2619
2.397	2619
2.40088	2619
2.4051	2619
2.4051	2619
2.4091	2619
2.41468	2619
2.41468	2619
2.41968	2619
2.42379	2619
2.42479	2619
2.42879	2619
2.4324	2619
2.4334	2619
2.43724	2619
2.44112	2619
2.44212	2619
2.44682	2619
2.4517	2619
2.4517	2619
2.45693	2619
2.46093	2619
2.46116	2619
2.46551	2619
2.46951	2619
2.47026	2619
2.47409	2619
2.47809	2619
2.47909	2619
2.48322	2619
2.48807	2619
2.48807	2619
2.49368	2619
2.49765	2619
2.49852	2619
2.50278	2619
2.50675	2619
2.50775	2619
2.51136	2619
2.51533	2619
2.51633	2619
2.52008	2619
2.52544	2619
2.52544	2619
2.53066	2619
2.53492	2619
2.53492	2619
2.53977	2619
2.5435	2619
2.5445	2619
2.54835	2619
2.5526	2619
2.5536	2619
2.55758	2619
2.56218	2619
2.56218	2619
2.56616	2619
2.57129	2619
2.57129	2619
2.57626	2619
2.58049	2619
2.58149	2619
2.58572	2619
2.58959	2619
2.59059	2619
2.59432	2619
2.5983	2619
2.5993	2619
2.60343	2619
2.6084	2619
2.6084	2619
2.61301	2619
2.61798	2619
2.61898	2619
2.62259	2619
2.62656	2619
2.62756	2619
2.63131	2619
2.63554	2619
2.63654	2619
2.64042	2619
2.64512	2619
2.64512	2619
2.651	2619
2.65423	2619
2.65423	2619
2.65923	2619
2.66381	2619
2.66481	2619
2.66881	2619
2.67241	2619
2.67341	2619
2.67726	2619
2.68214	2619
2.68214	2619
2.68637	2619
2.69124	2619
2.69124	2619
2.69695	2619
2.70082	2619
2.70108	2619
2.70505	2619
2.70905	2619
2.71005	2619
2.71463	2619
2.71863	2619
2.71938	2619
2.72324	2619
2.72809	2619
2.72809	2619
2.73322	2619
2.73719	2619
2.73807	2619
2.7428	2619
2.74677	2619
2.74765	2619
2.7519	2619
2.75587	2619
2.75687	2619
2.7601	2619
2.76548	2619
2.76548	2619
2.77021	2619
2.77494	2619
2.77494	2619
2.77979	2619
2.78304	2619
2.78404	2619
2.78889	2619
2.79262	2619
2.79362	2619
2.79759	2619
2.80273	2619
2.80273	2619
2.8067	2619
2.81131	2619
2.81131	2619
2.81615	2619
2.82089	2619
2.82189	2619
2.82573	2619
2.82961	2619
2.83061	2619
2.83484	2619
2.83819	2619
2.83919	2619
2.84345	2619
2.84842	2619
2.84842	2619
2.85352	2619
2.85752	2619
2.85852	2619
2.86213	2619
2.86698	2619
2.86798	2619
2.87185	2619
2.87556	2619
2.87656	2619
2.88043	2619
2.88566	2619
2.88566	2619
2.89001	2619
2.89424	2619
2.89524	2619
2.89924	2619
2.90335	2619
2.90435	2619
2.90835	2619
2.91293	2619
2.91393	2619
2.91793	2619
2.92241	2619
2.92241	2619
2.92738	2619
2.93126	2619
2.93126	2619
2.93649	2619
2.94049	2619
2.94109	2619
2.94507	2619
2.94907	2619
2.9502	2619
2.95417	2619
2.95917	2619
2.95917	2619
2.96365	2619
2.9685	2619
2.9685	2619
2.97323	2619
2.97721	2619
2.97808	2619
2.98234	2619
2.98631	2619
2.98731	2619
2.99192	2619
2.99589	2619
2.99689	2619
3.00002	2619
3.00599	2619
3.00599	2619
3.0106	2619
3.01457	2619
3.01557	2619
3.01933	2619
3.02306	2619
3.02406	2619
3.02891	2619
3.03216	2619
3.03316	2619
3.03713	2619
3.04274	2619
3.04274	2619
3.04771	2619
3.05185	2619
3.05185	2619
3.05682	2619
3.06005	2619
3.06105	2619
3.06527	2619
3.06915	2619
3.07015	2619
3.07485	2619
3.07973	2619
3.07973	2619
3.08396	2619
3.08896	2619
3.08896	2619
3.09354	2619
3.09754	2619
3.09854	2619
3.10267	2619
3.10612	2619
3.10712	2619
3.11187	2619
3.1151	2619
3.1161	2619
3.12097	2619
3.12568	2619
3.12568	2619
3.13055	2619
3.13478	2619
3.13578	2619
3.13978	2619
3.14336	2619
3.14436	2619
3.14836	2619
3.15294	2619
3.15394	2619
3.15794	2619
3.16207	2619
3.16207	2619
3.1678	2619
3.17153	2619
3.17253	2619
3.1765	2619
3.18038	2619
3.18163	2619
3.18561	2619
3.18961	2619
3.19021	2619
3.19419	2619
3.19932	2619
3.19932	2619
3.20477	2619
3.20852	2619
3.20852	2619
3.21377	2619
3.21762	2619
3.21862	2619
3.22235	2619
3.22633	2619
3.2272	2619
3.23146	2619
3.23643	2619
3.23643	2619
3.24004	2619
3.24501	2619
3.24501	2619
3.25014	2619
3.25459	2619
3.25559	2619
3.25934	2619
3.2636	2619
3.26457	2619
3.26845	2619
3.27218	2619
3.27318	2619
3.27715	2619
3.28228	2619
3.28228	2619
3.28725	2619
3.29186	2619
3.29283	2619
3.29683	2619
3.30059	2619
3.30159	2619
3.30529	2619
3.30917	2619
3.31017	2619
3.31439	2619
3.31975	2619
3.31975	2619
3.32497	2619
3.32885	2619
3.32885	2619
3.33308	2619
3.33708	2619
3.33808	2619
3.34266	2619
3.34666	2619
3.34766	2619
3.35141	2619
3.35611	2619
3.35611	2619
3.36099	2619
3.36522	2619
3.36522	2619
3.37057	2619
3.3748	2619
3.3758	2619
3.37967	2619
3.3839	2619
3.3849	2619
3.38913	2619
3.39348	2619
3.39348	2619
3.39823	2619
3.40494	2619
3.40494	2619
3.40881	2619
3.41404	2619
3.41404	2619
3.41839	2619
3.42362	2619
3.42362	2619
3.42937	2619
3.43373	2619
3.43373	2619
3.43895	2619
3.44231	2619
3.44331	2619
3.44806	2619
3.45476	2619
3.45476	2619
3.45864	2619
3.46387	2619
3.46387	2619
3.46874	2619
3.47345	2619
3.47345	2619
3.4792	2619
3.48355	2619
3.48355	2619
3.48878	2619
3.49501	2619
3.49501	2619
3.49974	2619
3.50459	2619
3.50459	2619
3.50946	2619
3.51369	2619
3.51469	2619
3.51857	2619
3.52327	2619
3.52327	2619
3.52902	2619
3.53385	2619
3.53385	2619
3.5386	2619
3.54483	2619
3.54483	2619
3.54856	2619
3.55441	2619
3.55441	2619
3.55829	2619
3.56351	2619
3.56351	2619
3.56974	2619
3.57309	2619
3.57309	2619
3.57885	2619
3.5822	2619
3.5832	2619
3.58843	2619
3.59465	2619
3.59465	2619
3.59853	2619
3.60423	2619
3.60423	2619
3.60811	2619
3.61334	2619
3.61334	2619
3.61869	2619
3.62292	2619
3.62392	2619
3.62867	2619
3.6325	2619
3.6325	2619
3.63825	2619
3.64448	2619
3.64448	2619
3.64835	2619
3.65406	2619
3.65406	2619
3.65981	2619
3.66316	2619
3.66316	2619
3.66939	2619
3.67562	2619
3.67562	2619
3.67949	2619
3.6852	2619
3.6852	2619
3.69095	2619
3.6943	2619
3.6943	2619
3.70053	2619
3.70676	2619
3.70676	2619
3.71063	2619
3.71634	2619
3.71634	2619
3.72021	2619
3.72544	2619
3.72544	2619
3.73167	2619
3.73502	2619
3.73502	2619
3.74077	2619
3.74748	2619
3.74748	2619
3.75135	2619
3.75658	2619
3.75658	2619
3.76281	2619
3.76616	2619
3.76616	2619
3.77191	2619
3.77574	2619
3.77674	2619
3.78149	2619
3.78772	2619
3.78772	2619
3.79395	2619
3.7973	2619
3.7973	2619
3.80305	2619
3.80976	2619
3.80976	2619
3.81363	2619
3.81886	2619
3.81886	2619
3.82509	2619
3.82944	2619
3.82944	2619
3.83419	2619
3.83855	2619
3.83955	2619
3.84377	2619
3.85	2619
3.85	2619
3.85435	2619
3.85958	2619
3.85958	2619
3.86533	2619
3.86969	2619
3.86969	2619
3.87491	2619
3.88114	2619
3.88114	2619
3.88502	2619
3.89072	2619
3.89072	2619
3.89647	2619
3.90083	2619
3.90083	2619
3.90605	2619
3.91228	2619
3.91228	2619
3.91616	2619
3.92186	2619
3.92186	2619
3.92761	2619
3.93144	2619
3.93144	2619
3.93719	2619
3.94342	2619
3.94342	2619
3.94777	2619
3.953	2619
3.953	2619
3.95875	2619
3.96258	2619
3.96258	2619
3.96833	2619
3.97456	2619
3.97456	2619
3.97844	2619
3.98414	2619
3.98414	2619
3.98989	2619
3.99325	2619
3.99325	2619
3.99947	2619
4.0057	2619
4.0057	2619
4.00958	2619
4.01528	2619
4.01528	2619
4.02103	2619
4.02539	2619
4.02539	2619
4.03061	2619
4.03684	2619
4.03684	2619
4.04072	2619
4.04642	2619
4.04642	2619
4.05217	2619
4.05653	2619
4.05653	2619
4.06175	2619
4.06798	2619
4.06798	2619
4.07133	2619
4.10247	2619
4.10247	2619
4.1087	2619
4.11445	2619
4.11445	2619
4.11828	2619
4.12403	2619
4.12403	2619
4.13026	2619
4.13461	2619
4.13461	2619
4.13984	2619
4.14559	2619
4.14559	2619
4.1523	2619
4.15617	2619
4.15617	2619
4.1614	2619
4.16575	2619
4.16675	2619
4.17098	2619
4.17673	2619
4.17673	2619
4.18344	2619
4.18731	2619
4.18731	2619
4.19254	2619
4.19877	2619
4.19877	2619
4.205	2619
4.20873	2619
4.20873	2619
4.21458	2619
4.21845	2619
4.21845	2619
4.22368	2619
4.22991	2619
4.22991	2619
4.23614	2619
4.24001	2619
4.24001	2619
4.24572	2619
4.25147	2619
4.25147	2619
4.25582	2619
4.26105	2619
4.26105	2619
4.26728	2619
4.27115	2619
4.27115	2619
4.27686	2619
4.28261	2619
4.28261	2619
4.28696	2619
4.29219	2619
4.29219	2619
4.29842	2619
4.30229	2619
4.30229	2619
4.308	2619
4.31375	2619
4.31375	2619
4.3171	2619
4.32333	2619
4.32333	2619
4.32956	2619
4.33343	2619
4.33343	2619
4.34824	2619
4.35447	2619
4.35447	2619
4.3607	2619
4.36457	2619
4.36457	2619
4.37028	2619
4.37603	2619
4.37603	2619
4.38086	2619
4.38561	2619
4.38561	2619
4.39184	2619
4.39807	2619
4.39807	2619
4.40242	2619
4.40717	2619
4.40717	2619
4.41387	2619
4.41775	2619
4.41775	2619
4.42298	2619
4.42921	2619
4.42921	2619
4.43356	2619
4.43831	2619
4.43831	2619
4.44501	2619
4.45077	2619
4.45077	2619
4.45412	2619
4.46035	2619
4.46035	2619
4.4647	2619
4.46945	2619
4.46945	2619
4.47615	2619
4.48191	2619
4.48191	2619
4.48526	2619
4.49149	2619
4.49149	2619
4.49771	2619
4.50159	2619
4.50159	2619
4.50729	2619
4.51305	2619
4.51305	2619
4.51975	2619
4.52363	2619
4.52363	2619
4.52885	2619
4.53508	2619
4.53508	2619
4.54131	2619
4.54754	2619
4.54754	2619
4.55377	2619
4.55712	2619
4.55712	2619
4.56335	2619
4.5691	2619
4.5691	2619
4.5758	2619
4.58155	2619
4.58155	2619
4.58826	2619
4.59736	2619
4.59736	2619
4.60359	2619
4.60982	2619
4.60982	2619
4.61605	2619
4.62227	2619
4.62227	2619
4.6285	2619
4.63285	2619
4.63285	2619
4.63808	2619
4.64383	2619
4.64383	2619
4.65054	2619
4.65629	2619
4.65629	2619
4.66299	2619
4.66875	2619
4.66875	2619
4.67257	2619
4.67833	2619
4.67833	2619
4.68503	2619
4.69078	2619
4.69078	2619
4.69701	2619
4.70324	2619
4.70324	2619
4.70759	2619
4.71234	2619
4.71234	2619
4.71905	2619
4.72392	2619
4.72392	2619
4.72815	2619
4.73438	2619
4.73438	2619
4.74061	2619
4.74448	2619
4.74448	2619
4.75019	2619
4.75594	2619
4.75594	2619
4.75929	2619
4.76552	2619
4.76552	2619
4.77175	2619
4.77797	2619
4.77797	2619
4.78133	2619
4.78708	2619
4.78708	2619
4.79378	2619
4.79766	2870
4.79766	2870
4.80191	2870
4.80589	2870
4.80689	2870
4.81049	2870
4.81447	2870
4.81447	2870
4.81822	2870
4.82257	2870
4.82357	2870
4.82757	2870
4.83105	2870
4.83105	2870
4.83503	2870
4.8399	2870
4.84063	2870
4.84361	2870
4.84761	2870
4.84861	2870
4.85221	2870
4.85619	2870
4.85619	2870
4.86094	2870
4.86419	2870
4.86517	2870
4.86904	2870
4.87377	2870
4.87377	2870
4.87762	2870
4.88188	2870
4.88288	2870
4.88685	2870
4.89008	2870
4.89008	2870
4.89443	2870
4.89918	2870
4.89918	2870
4.90589	2870
4.90876	2870
4.90976	2870
4.91499	2870
4.91834	2870
4.91834	2870
4.92457	2870
4.93032	2870
4.93032	2870
4.93703	2870
4.9409	2870
4.9419	2870
4.94613	2870
4.95236	2870
4.95236	2870
4.95859	2870
4.96146	2870
4.96246	2870
4.96817	2870
4.97392	2870
4.97392	2870
4.98062	2870
4.98637	2870
4.98637	2870
4.9902	2870
4.99595	2870
4.99595	2870
5.00218	2870
5.00841	2870
5.00841	2870
5.01464	2870
5.01751	2870
5.01851	2870
5.02422	2870
5.02997	2870
5.02997	2870
5.0338	2870
5.03955	2870
5.03955	2870
5.04578	2870
5.04913	2870
5.04913	2870
5.05536	2870
5.06111	2870
5.06111	2870
5.06446	2870
5.07069	2870
5.07069	2870
5.07404	2870
5.07979	2870
5.07979	2870
5.0865	2870
5.08937	2870
5.08937	2870
5.0956	2870
5.09895	2870
5.09895	2870
5.10518	2870
5.11093	2870
5.11093	2870
5.11429	2870
5.12051	2870
5.12051	2870
5.12674	2870
5.12962	2870
5.12962	2870
5.13632	2870
5.14207	2870
5.14207	2870
5.14543	2870
5.14878	2870
5.14978	2870
5.15203	2870
5.15501	2870
5.16076	2870
5.16449	2870
5.16746	2870
5.17321	2870
5.17657	2870
5.17957	2870
5.18279	2870
5.18605	2870
5.18902	2870
5.19525	2870
5.19863	2870
5.20148	2870
5.20435	2870
5.20809	2870
5.21106	2870
5.21681	2870
5.21919	2870
5.22264	2870
5.22639	2870
5.22965	2870
5.23262	2870
5.23885	2870
5.2421	2870
5.24507	2870
5.24843	2870
5.25168	2870
5.25465	2870
5.26041	2870
5.26414	2870
5.26711	2870
5.27286	2870
5.27659	2870
5.27957	2870
5.28244	2870
5.2857	2870
5.28867	2870
5.2949	2870
5.29915	2870
5.30413	2870
5.30735	2870
5.31271	2870
5.31746	2870
5.31846	2870
5.32316	2870
5.32804	2870
5.32904	2870
5.33427	2870
5.33949	2870
5.34049	2870
5.34572	2870
5.35133	2870
5.35133	2870
5.3573	2870
5.36243	2870
5.36341	2870
5.36841	2870
5.37389	2870
5.37489	2870
5.37921	2870
5.38421	2870
5.38521	2870
5.39032	2870
5.39693	2870
5.39693	2870
5.41649	2632
5.41946	2632
5.42233	2632
5.42619	2632
5.43004	2632
5.43479	2632
5.43817	2632
5.44249	2632
5.44725	2632
5.45163	2632
5.45595	2632
5.45683	2632
5.46021	2632
5.46405	2632
5.46928	2632
5.47366	2632
5.47751	2632
5.47839	2632
5.48212	2632
5.48797	2632
5.49084	2632
5.49422	2632
5.49855	2632
5.50042	2632
5.50468	2632
5.51	2632
5.51288	2632
5.51613	2632
5.52011	2632
5.52246	2632
5.52671	2632
5.53156	2632
5.53444	2632
5.53817	2632
5.54402	2632
5.54689	2632
5.55075	2632
5.5546	2632
5.55935	2632
5.56373	2632
5.56705	2632
5.56893	2632
5.57219	2632
5.57851	2632
5.58139	2632
5.58564	2632
5.58961	2632
5.59384	2632
5.5971	2632
5.60107	2632
5.6063	2632
5.61065	2632
5.61465	2632
5.6154	2632
5.61913	2632
5.62311	2632
5.62786	2632
5.63159	2632
5.63556	2632
5.64031	2632
5.64414	2632
5.64814	2632
5.64989	2632
5.65315	2632
5.65712	2632
5.66235	2632
5.66661	2632
5.67058	2632
5.68103	2632
5.68541	2632
5.68926	2632
5.69014	2632
5.69499	2632
5.69884	2632
5.70259	2632
5.70697	2632
5.7103	2632
5.71505	2632
5.71988	2632
5.72388	2632
5.72463	2632
5.72801	2632
5.73286	2632
5.73421	2632
5.73847	2632
5.74244	2632
5.74619	2632
5.75092	2632
5.75489	2632
5.75865	2632
5.76203	2632
5.76635	2632
5.76823	2632
5.77248	2632
5.77645	2632
5.78068	2632
5.78406	2632
5.78891	2632
5.78979	2632
5.79352	2632
5.79749	2632
5.80224	2632
5.80697	2632
5.81095	2632
5.8147	2632
5.81808	2632
5.8224	2632
5.82428	2632
5.82853	2632
5.83251	2632
5.83386	2632
5.83711	2632
5.84296	2632
5.84631	2632
5.85057	2632
5.85542	2632
5.85829	2632
5.86203	2632
5.86787	2632
5.87075	2632
5.87448	2632
5.87845	2632
5.88033	2632
5.88459	2632
5.88991	2632
5.89279	2632
5.89604	2632
5.90001	2632
5.90524	2632
5.9095	2632
5.91347	2632
5.91435	2632
5.91808	2632
5.92393	2632
5.9268	2632
5.93053	2632
5.93638	2632
5.94261	2632
5.94687	2632
5.95084	2632
5.95171	2632
5.95545	2632
5.96129	2632
5.96417	2632
5.9689	2632
5.97287	2632
5.97663	2632
5.98036	2632
5.98433	2632
5.98621	2632
5.99046	2632
5.99443	2632
5.99866	2632
6.00204	2632
6.00689	2632
6.01112	2632
6.0155	2632
6.01935	2632
6.02022	2632
6.02495	2632
6.02893	2632
6.03268	2632
6.03653	2632
6.04038	2632
6.04513	2632
6.04996	2632
6.05396	2632
6.05471	2632
6.05809	2632
6.06294	2632
6.06717	2632
6.07143	2632
6.0754	2632
6.07963	2632
6.08301	2632
6.08785	2632
6.08873	2632
6.09246	2632
6.09643	2632
6.09831	2632
6.10257	2632
6.10789	2632
6.11077	2632
6.11402	2632
6.11847	2632
6.12322	2632
6.12748	2632
6.13193	2632
6.13568	2632
6.13906	2632
6.14391	2632
6.14526	2632
6.14951	2632
6.15436	2632
6.15724	2632
6.16197	2632
6.16594	2632
6.16969	2632
6.17343	2632
6.1774	2632
6.17927	2632
6.18353	2632
6.18885	2632
6.19173	2632
6.19599	2632
6.20131	2632
6.20706	2632
6.21189	2632
6.21589	2632
6.21664	2632
6.2209	2632
6.22487	2632
6.2291	2632
6.23335	2632
6.23733	2632
6.24155	2632
6.24593	2632
6.24978	2632
6.25066	2632
6.25439	2632
6.25836	2632
6.26311	2632
6.26785	2632
6.27182	2632
6.27557	2632
6.2794	2632
6.2834	2632
6.28515	2632
6.28941	2632
6.29385	2632
6.29761	2632
6.30186	2632
6.30583	2632
6.31006	2632
6.31432	2632
6.31829	2632
6.31917	2632
6.3239	2632
6.32875	2632
6.33162	2632
6.33535	2632
6.33933	2632
6.34408	2632
6.34893	2632
6.35278	2632
6.35366	2632
6.35791	2632
6.36189	2632
6.36611	2632
6.37037	2632
6.37434	2632
6.37569	2632
6.37995	2632
6.3848	2632
6.38767	2632
6.39141	2632
6.39725	2632
6.40013	2632
6.40486	2632
6.40883	2632
6.41259	2632
6.41697	2632
6.42029	2632
6.42504	2632
6.42942	2632
6.43375	2632
6.43462	2632
6.43888	2632
6.44285	2632
6.44708	2632
6.45133	2632
6.45531	2632
6.45953	2632
6.46391	2632
6.46776	2632
6.47199	2632
6.47525	2632
6.47922	2632
6.48109	2632
6.48583	2632
6.49067	2632
6.49355	2632
6.49728	2632
6.50313	2632
6.50601	2632
6.51086	2632
6.51471	2632
6.51559	2632
6.51984	2632
6.52517	2632
6.52804	2632
6.5323	2632
6.53675	2632
6.5405	2632
6.54475	2632
6.54873	2632
6.55295	2632
6.55633	2632
6.56018	2632
6.56253	2632
6.56679	2632
6.57164	2632
6.57451	2632
6.57825	2632
6.58222	2632
6.58697	2632
6.5907	2632
6.59467	2632
6.59655	2632
6.60081	2632
6.60613	2632
6.61188	2632
6.61523	2632
6.61923	2632
6.62146	2632
6.62572	2632
6.62969	2632
6.63392	2632
6.63717	2632
6.64115	2632
6.64302	2632
6.64775	2632
6.65173	2632
6.65548	2632
6.65921	2632
6.66318	2632
6.66793	2632
6.67167	2632
6.67564	2632
6.68039	2632
6.68477	2632
6.68809	2632
6.69285	2632
6.69623	2632
6.70067	2632
6.70243	2632
6.70668	2632
6.71065	2632
6.71488	2632
6.71814	2632
6.72211	2632
6.72734	2632
6.73172	2632
6.73557	2632
6.73692	2632
6.74017	2632
6.74415	2632
6.7489	2632
6.75263	2632
6.7566	2632
6.76135	2632
6.76509	2632
6.76906	2632
6.77381	2632
6.77764	2632
6.78164	2632
6.78339	2632
6.78765	2632
6.79109	2632
6.79585	2632
6.7991	2632
6.80355	2632
6.8083	2632
6.81256	2632
6.81653	2632
6.82076	2632
6.82414	2632
6.82899	2632
6.82986	2632
6.83359	2632
6.83757	2632
6.84232	2632
6.84605	2632
6.85002	2632
6.85477	2632
6.85863	2632
6.86248	2632
6.86435	2632
6.86861	2632
6.87393	2632
6.87969	2632
6.88307	2632
6.88751	2632
6.88927	2632
6.89352	2632
6.89749	2632
6.90172	2632
6.9051	2632
6.90995	2632
6.9113	2632
6.91556	2632
6.92041	2632
6.92328	2632
6.92701	2632
6.93286	2632
6.93574	2632
6.93947	2632
6.94344	2632
6.94819	2632
6.95205	2632
6.9569	2632
6.96065	2632
6.96403	2632
6.96835	2632
6.97023	2632
6.97449	2632
6.97981	2632
6.98269	2632
6.98694	2632
6.99227	2632
6.99514	2632
6.9994	2632
7.00337	2632
7.00425	2632
7.00898	2632
7.01383	2632
7.0167	2632
7.02043	2632
7.02628	2632
7.02916	2632
7.03389	2632
7.03874	2632
7.04161	2632
7.04535	2632
7.04932	2632
7.05407	2632
7.05845	2632
7.06277	2632
7.06365	2632
7.06791	2632
7.07323	2632
7.07611	2632
7.08036	2632
7.08569	2632
7.08856	2632
7.09282	2632
7.09679	2632
7.10102	2632
7.1054	2632
7.10925	2632
7.1106	2632
7.11485	2632
7.1197	2632
7.12258	2632
7.12631	2632
7.13028	2632
7.13503	2632
7.13977	2632
7.14461	2632
7.14749	2632
7.15122	2632
7.15519	2632
7.15995	2632
7.1638	2632
7.16765	2632
7.1724	2632
7.17678	2632
7.18011	2632
7.18198	2632
7.18524	2632
7.18921	2632
7.19444	2632
7.19869	2632
7.20267	2632
7.20689	2632
7.21027	2632
7.21412	2632
7.21935	2632
7.22373	2632
7.22758	2632
7.22893	2632
7.23219	2632
7.23616	2632
7.24091	2632
7.24464	2632
7.24861	2632
7.25337	2632
7.2571	2632
7.26107	2632
7.26582	2632
7.26968	2632
7.27353	2632
7.2754	2632
7.27966	2632
7.28311	2632
7.28786	2632
7.29111	2632
7.29556	2632
7.30031	2632
7.30457	2632
7.30854	2632
7.31277	2632
7.31603	2632
7.32235	2632
7.32523	2632
7.32948	2632
7.33345	2632
7.33768	2632
7.34194	2632
7.34591	2632
7.35014	2632
7.35439	2632
7.35837	2632
7.36259	2632
7.36697	2632
7.37082	2632
7.3717	2632
7.37543	2632
7.3794	2632
7.38415	2632
7.38889	2632
7.39286	2632
7.39661	2632
7.40099	2632
7.40431	2632
7.40907	2632
7.4138	2632
7.41777	2632
7.41865	2632
7.4229	2632
7.42823	2632
7.4311	2632
7.43536	2632
7.44068	2632
7.44356	2632
7.44781	2632
7.45179	2632
7.45601	2632
7.46039	2632
7.46424	2632
7.46847	2632
7.47285	2632
7.4767	2632
7.48093	2632
7.48431	2632
7.48815	2632
7.49003	2632
7.49476	2632
7.49873	2632
7.50249	2632
7.50687	2632
7.51019	2632
7.51494	2632
7.51832	2632
7.52265	2632
7.5274	2632
7.53178	2632
7.5351	2632
7.53698	2632
7.54023	2632
7.54421	2632
7.54943	2632
7.55381	2632
7.55766	2632
7.56189	2632
7.56527	2632
7.56912	2632
7.57435	2632
7.57873	2632
7.58257	2632
7.58345	2632
7.58718	2632
7.59303	2632
7.59591	2632
7.59964	2632
7.60549	2632
7.60836	2632
7.61209	2632
7.61794	2632
7.62082	2632
7.62467	2632
7.62852	2632
7.63327	2632
7.63763	2632
7.64198	2632
7.64298	2632
7.64623	2632
7.65008	2632
7.65108	2632
7.65581	2632
7.65966	2632
7.66066	2632
7.66454	2632
7.66977	2632
7.66977	2632
7.67437	2632
7.68022	2632
7.68022	2632
7.68495	2632
7.6898	2632
7.6898	2632
7.69468	2632
7.69891	2632
7.69991	2632
7.70513	2632
7.71136	2632
7.71136	2632
7.71524	2632
7.72094	2632
7.72094	2632
7.72669	2632
7.7334	2632
7.7334	2632
7.73765	2632
7.7425	2632
7.7425	2632
7.74738	2632
7.75208	2632
7.75208	2632
7.75783	2632
7.76454	2632
7.76454	2632
7.77029	2632
7.77699	2632
7.77699	2632
7.78275	2632
7.78945	2632
7.78945	2632
7.79333	2632
7.80191	2632
7.80191	2632
7.80578	2632
7.81101	2632
7.81101	2632
7.81724	2632
7.82347	2632
7.82347	2632
7.82969	2632
7.83592	2632
7.83592	2632
7.8398	2632
7.84838	2632
7.84838	2632
7.85225	2632
7.86083	2632
7.86083	2632
7.86471	2632
7.87041	2632
7.87041	2632
7.87617	2632
7.88287	2632
7.88287	2632
7.88862	2632
7.89533	2632
7.89533	2632
7.8992	2632
7.90443	2632
7.90443	2632
7.91066	2632
7.91689	2632
7.91689	2632
7.91976	2632
7.92647	2632
7.92647	2632
7.93222	2632
7.93892	2632
7.93892	2632
7.9418	2632
7.94803	2632
7.94803	2632
7.95425	2632
7.96048	2632
7.96048	2632
7.96336	2632
7.97006	2632
7.97006	2632
7.97581	2632
7.98252	2632
7.98252	2632
7.98827	2632
7.99497	2632
7.99497	2632
7.99785	2632
8.00408	2632
8.00408	2632
8.01031	2632
8.01653	2632
8.01653	2632
8.01989	2632
8.02611	2632
8.02611	2632
8.03187	2632
8.03857	2632
8.03857	2632
8.04432	2632
8.05103	2632
8.05103	2632
8.05678	2632
8.06348	2632
8.06348	2632
8.06923	2632
8.07594	2632
8.07594	2632
8.08169	2632
8.08552	2632
8.08552	2632
8.09415	2632
8.09797	2632
8.09797	2632
8.10373	2632
8.10995	2632
8.10995	2632
8.11618	2632
8.12241	2632
8.12241	2632
8.12864	2632
8.13487	2632
8.13487	2632
8.14109	2632
8.14732	2632
8.14732	2632
8.15355	2632
8.1569	2632
8.1569	2632
8.16265	2632
8.16936	2632
8.16936	2632
8.17511	2632
8.18181	2632
8.18281	2632
8.18769	2632
8.19392	2632
8.19492	2632
8.20015	2632
8.20537	2632
8.20637	2632
8.2126	2632
8.21883	2632
8.21883	2632
8.22406	2632
8.23029	2632
8.23116	2632
8.23689	2632
8.24287	2632
8.24362	2632
8.24935	2632
8.25432	2632
8.25532	2632
8.26181	2632
8.26765	2632
8.26765	2632
8.30637	2233
8.31213	2233
8.31213	2233
8.31883	2233
8.32458	2233
8.32458	2233
8.33129	2233
8.33704	2233
8.33704	2233
8.34374	2233
8.34862	2233
8.34862	2233
8.35385	2233
8.35907	2233
8.35907	2233
8.3653	2233
8.37153	2233
8.37153	2233
8.37776	2233
8.38399	2233
8.38399	2233
8.39021	2233
8.39644	2233
8.39644	2233
8.40267	2233
8.40755	2233
8.40755	2233
8.41225	2233
8.418	2233
8.418	2233
8.42471	2233
8.43046	2233
8.43046	2233
8.43716	2233
8.44291	2233
8.44291	2233
8.44962	2233
8.45449	2233
8.45449	2233
8.46207	2233
8.46795	2233
8.46795	2233
8.47265	2233
8.47741	2233
8.47841	2233
8.48363	2233
8.48986	2233
8.48986	2233
8.49609	2233
8.50232	2233
8.50232	2233
8.50855	2233
8.51477	2233
8.51477	2233
8.521	2233
8.52723	2233
8.52723	2233
8.53258	2233
8.55214	2233
8.55214	2233
8.55837	2233
8.5646	2233
8.5646	2233
8.57083	2233
8.57705	2233
8.57705	2233
8.58328	2233
8.58951	2233
8.58951	2233
8.59486	2233
8.59961	2233
8.60061	2233
8.60532	2233
8.61107	2233
8.61107	2233
8.61777	2233
8.62353	2233
8.62353	2233
8.63023	2233
8.63598	2233
8.63598	2233
8.64269	2233
8.64756	2233
8.64756	2233
8.65279	2233
8.65802	2233
8.65802	2233
8.66425	2233
8.67047	2233
8.67047	2233
8.6767	2233
8.68293	2233
8.68293	2233
8.68916	2233
8.69451	2233
8.69451	2233
8.69974	2233
8.70497	2233
8.70597	2233
8.71119	2233
8.71695	2233
8.71695	2233
8.72365	2233
8.7294	2233
8.7294	2233
8.73611	2233
8.74186	2233
8.74186	2233
8.74856	2233
8.75344	2233
8.75344	2233
8.75814	2233
8.76389	2233
8.76489	2233
8.77012	2233
8.77635	2233
8.77635	2233
8.78881	2233
8.79503	2233
8.79503	2233
8.80126	2233
8.80749	2233
8.80749	2233
8.81372	2233
8.81995	2233
8.81995	2233
8.82617	2233
8.8324	2233
8.8324	2233
8.83863	2233
8.84351	2233
8.84351	2233
8.84821	2233
8.85396	2233
8.85496	2233
8.86067	2233
8.86642	2233
8.86642	2233
8.87312	2233
8.87887	2233
8.87887	2233
8.88558	2233
8.89133	2233
8.89133	2233
8.89616	2233
8.90191	2233
8.90291	2233
8.90714	2233
8.91337	2233
8.91337	2233
8.91959	2233
8.92582	2233
8.92582	2233
8.93205	2233
8.93828	2233
8.93828	2233
8.94451	2233
8.95073	2233
8.95073	2233
8.95696	2233
8.96319	2233
8.96319	2233
8.96854	2233
8.97377	2233
8.97477	2233
8.98	2233
8.98475	2233
8.98575	2233
8.99145	2233
8.99721	2233
8.99721	2233
9.00391	2233
9.00966	2233
9.00966	2233
9.01637	2233
9.02547	2233
9.02547	2233
9.0317	2233
9.03793	2233
9.03793	2233
9.04228	2233
9.04703	2233
9.04803	2233
9.05373	2233
9.05949	2233
9.05949	2233
9.06619	2233
9.07194	2233
9.07194	2233
9.07865	2233
9.0844	2233
9.0844	2233
9.0911	2233
9.09685	2233
9.09685	2233
9.10121	2233
9.10643	2233
9.10743	2233
9.11266	2233
9.11889	2233
9.11889	2233
9.12512	2233
9.13135	2233
9.13135	2233
9.13757	2233
9.1438	2233
9.1438	2233
9.15003	2233
9.15626	2233
9.15626	2233
9.16249	2233
9.16871	2233
9.16871	2233
9.17494	2233
9.17929	2233
9.17929	2233
9.1874	2233
9.19275	2233
9.19275	2233
9.19798	2233
9.20273	2233
9.20373	2233
9.20943	2233
9.21519	2233
9.21519	2233
9.22189	2233
9.22764	2233
9.22764	2233
9.23435	2233
9.2401	2233
9.2401	2233
9.2468	2233
9.25255	2233
9.25255	2233
9.25926	2233
9.26501	2233
9.26501	2233
9.27171	2233
9.27747	2233
9.27747	2233
9.28417	2233
9.28992	2233
9.28992	2233
9.29475	2233
9.30238	2233
9.30238	2233
9.30721	2233
9.31483	2233
9.31483	2233
9.31966	2233
9.32441	2233
9.32541	2233
9.33064	2233
9.33687	2233
9.33687	2233
9.3431	2233
9.34933	2233
9.34933	2233
9.35555	2233
9.36178	2233
9.36178	2233
9.36801	2233
9.37424	2233
9.37424	2233
9.38047	2233
9.38669	2233
9.38669	2233
9.39292	2233
9.39727	2233
9.39727	2233
9.40538	2233
9.41073	2233
9.41073	2233
9.41596	2233
9.42071	2233
9.42171	2233
9.42741	2233
9.43317	2233
9.43317	2233
9.43987	2233
9.44562	2233
9.44562	2233
9.45233	2233
9.45808	2233
9.45808	2233
9.46478	2233
9.47053	2233
9.47053	2233
9.47724	2233
9.48299	2233
9.48299	2233
9.48969	2233
9.49545	2233
9.49545	2233
9.50215	2233
9.5079	2233
9.5079	2233
9.51461	2233
9.52036	2233
9.52036	2233
9.52519	2233
9.53094	2233
9.53194	2233
9.53664	2233
9.54239	2233
9.54239	2233
9.5491	2233
9.55485	2233
9.55485	2233
9.56108	2233
9.56731	2233
9.56731	2233
9.57353	2233
9.57976	2233
9.57976	2233
9.58599	2233
9.59222	2233
9.59222	2233
9.59845	2233
9.60467	2233
9.60467	2233
9.6109	2233
9.61713	2233
9.61713	2233
9.62336	2233
9.62959	2233
9.62959	2233
9.63494	2233
9.64204	2233
9.64204	2233
9.64827	2233
9.65315	2233
9.65315	2233
9.65885	2233
9.6636	2233
9.6646	2233
9.67031	2233
9.67606	2233
9.67606	2233
9.68276	2233
9.68851	2233
9.68851	2233
9.69522	2233
9.70097	2233
9.70097	2233
9.70767	2233
9.71343	2233
9.71343	2233
9.72013	2233
9.72588	2233
9.72588	2233
9.73259	2233
9.73834	2233
9.73834	2233
9.74504	2233
9.75079	2233
9.75079	2233
9.7575	2233
9.76325	2233
9.76325	2233
9.76995	2233
9.77483	2233
9.77483	2233
9.77906	2233
9.78529	2233
9.78529	2233
9.79151	2233
9.79774	2233
9.79774	2233
9.80445	2233
9.8102	2233
9.8102	2233
9.81643	2233
9.82265	2233
9.82265	2233
9.82888	2233
9.83511	2233
9.83511	2233
9.84134	2233
9.84757	2233
9.84757	2233
9.85379	2233
9.86002	2233
9.86002	2233
9.86625	2233
9.87248	2233
9.87248	2233
9.87871	2233
9.88493	2233
9.88493	2233
9.89116	2233
9.89739	2233
9.89739	2233
9.90362	2233
9.90985	2233
9.90985	2233
9.91607	2233
9.9223	2233
9.9223	2233
9.92853	2233
9.93476	2233
9.93476	2233
9.94099	2233
9.94534	2233
9.94534	2233
9.95344	2233
9.95967	2233
9.95967	2233
9.9659	2233
9.97025	2233
9.97025	2233
9.97835	2233
9.98458	2233
9.98458	2233
9.99081	2233
9.99516	2233
9.99516	2233
10.0033	2233
10.0095	2233
10.0095	2233
10.0148	2233
10.0196	2233
10.0206	2233
10.0253	2233
10.0311	2233
10.0311	2233
10.0378	2233
10.0435	2233
10.0435	2233
10.0502	2233
10.056	2233
10.056	2233
10.0655	2233
10.0718	2233
10.0718	2233
10.078	2233
10.0842	2233
10.0842	2233
10.0938	2233
10.0996	2233
10.0996	2233
10.1063	2233
10.112	2233
10.112	2233
10.1216	2233
10.1278	2233
10.1278	2233
10.1341	2233
10.1403	2233
10.1403	2233
10.147	2233
10.1556	2233
10.1556	2233
10.1623	2233
10.1681	2233
10.1681	2233
10.1776	2233
10.182	2233
10.182	2233
10.1901	2233
10.1963	2233
10.1963	2233
10.2026	2233
10.2088	2233
10.2088	2233
10.2184	2233
10.2241	2233
10.2241	2233
10.2295	2233
10.2366	2233
10.2366	2233
10.2419	2233
10.2462	2233
10.2472	2233
10.2524	2233
10.2615	2233
10.2615	2233
10.2668	2233
10.2711	2233
10.2721	2233
10.2773	2233
10.2835	2233
10.2835	2233
10.2898	2233
10.296	2233
10.296	2233
10.3022	2233
10.3084	2233
10.3084	2233
10.3147	2233
10.3209	2233
10.3209	2233
10.3271	2233
10.3333	2233
10.3333	2233
10.3396	2233
10.3458	2233
10.3458	2233
10.352	2233
10.3583	2233
10.3583	2233
10.3645	2233
10.3707	2233
10.3707	2233
10.3751	2233
10.3808	2233
10.3818	2233
10.3865	2233
10.3923	2233
10.3923	2233
10.399	2233
10.4047	2233
10.4047	2233
10.4091	2233
10.4172	2233
10.4172	2233
10.4225	2233
10.4278	2233
10.4288	2233
10.434	2233
10.4392	2233
10.4392	2233
10.4446	2233
10.4517	2233
10.4517	2233
10.456	2233
10.4618	2233
10.4628	2233
10.4675	2233
10.4732	2233
10.4732	2233
10.4799	2233
10.4857	2233
10.4857	2233
10.4924	2233
10.4982	2233
10.4982	2233
10.5049	2233
10.5106	2233
10.5106	2233
10.5173	2233
10.5231	2233
10.5231	2233
10.5298	2233
10.5355	2233
10.5355	2233
10.5422	2233
10.548	2233
10.548	2233
10.5547	2233
10.5604	2233
10.5604	2233
10.57	2233
10.5754	2233
10.5754	2233
10.5825	2233
10.5887	2233
10.5887	2233
10.5949	2233
10.6012	2233
10.6012	2233
10.6074	2233
10.6127	2233
10.6127	2233
10.6198	2233
10.6247	2233
10.6247	2233
10.6294	2233
10.6385	2233
10.6385	2233
10.6447	2233
10.6496	2233
10.6496	2233
10.6572	2233
10.6634	2233
10.6634	2233
10.6697	2233
10.674	2233
10.674	2233
10.6792	2233
10.685	2233
10.686	2233
10.6946	2233
10.6994	2233
10.6994	2233
10.7042	2233
10.7099	2233
10.7109	2233
10.7166	2233
10.7224	2233
10.7224	2233
10.7291	2233
10.7348	2233
10.7348	2233
10.7415	2233
10.7477	2233
10.7477	2233
10.7569	2233
10.7631	2233
10.7631	2233
10.7693	2233
10.7755	2233
10.7755	2233
10.7818	2233
10.788	2233
10.788	2233
10.7942	2233
10.8004	2233
10.8004	2233
10.8067	2233
10.8158	2233
10.8158	2233
10.8201	2233
10.8282	2233
10.8282	2233
10.8349	2233
10.8407	2233
10.8407	2233
10.8474	2233
10.8531	2233
10.8531	2233
10.8599	2233
10.8656	2233
10.8656	2233
10.8723	2233
10.8781	2233
10.8781	2233
10.8848	2233
10.8905	2233
10.8905	2233
10.8972	2233
10.903	2233
10.903	2233
10.9126	2233
10.9179	2233
10.9179	2233
10.9221	2233
10.9279	2233
10.9289	2233
10.9346	2233
10.9437	2233
10.9437	2233
10.947	2233
10.9528	2233
10.9528	2233
10.9595	2233
10.9653	2233
10.9653	2233
10.9748	2233
10.9782	2233
10.9782	2233
10.9873	2233
10.9916	2233
10.9916	2233
10.9997	2233
11.006	2233
11.006	2233
11.0122	2233
11.0184	2233
11.0184	2233
11.0251	2233
11.0338	2233
11.0338	2233
11.0376	2233
11.0462	2233
11.0462	2233
11.0529	2233
11.0587	2233
11.0587	2233
11.0654	2233
11.0711	2233
11.0711	2233
11.0778	2233
11.0841	2233
11.0841	2233
11.0932	2233
11.0994	2233
11.0994	2233
11.1056	2233
11.1118	2233
11.1118	2233
11.1181	2233
11.1243	2233
11.1243	2233
11.1305	2233
11.1368	2233
11.1368	2233
11.143	2233
11.1492	2233
11.1492	2233
11.1554	2233
11.1645	2233
11.1645	2233
11.1684	2233
11.1741	2233
11.1741	2233
11.1808	2233
11.1866	2233
11.1866	2233
11.1962	2233
11.202	2233
11.2038	2233
11.2107	2233
11.2174	2233
11.2181	2233
11.2241	2233
11.2316	2233
11.2326	2233
11.2393	2233
11.247	2233
11.248	2233
11.2532	2233
11.2604	2233
11.2614	2233
11.2687	2233
11.2748	2233
11.2758	2233
11.282	2233
11.2892	2233
11.2902	2233
11.3983	2099
11.4046	2099
11.4046	2099
11.4108	2099
11.4175	2099
11.4175	2099
11.4232	2099
11.4295	2099
11.4295	2099
11.4357	2099
11.4419	2099
11.4419	2099
11.451	2099
11.4577	2099
11.4577	2099
11.4635	2099
11.4702	2099
11.4702	2099
11.4764	2099
11.4855	2099
11.4855	2099
11.4918	2099
11.4985	2099
11.4985	2099
11.5042	2099
11.5138	2099
11.5138	2099
11.5195	2099
11.5262	2099
11.5262	2099
11.532	2099
11.5416	2099
11.5416	2099
11.6005	2099
11.6052	2099
11.6062	2099
11.6112	2099
11.6167	2099
11.6177	2099
11.6237	2099
11.6284	2099
11.6292	2099
11.6341	2099
11.6399	2099
11.6409	2099
11.6466	2099
11.6516	2099
11.6526	2099
11.6579	2099
11.6629	2099
11.6639	2099
11.6691	2099
11.6744	2099
11.6754	2099
11.6806	2099
11.6862	2099
11.6862	2099
11.6922	2099
11.6977	2099
11.6987	2099
11.7036	2099
11.7094	2099
11.7094	2099
11.716	2099
11.721	2099
11.722	2099
11.7264	2099
11.7324	2099
11.7324	2099
11.7389	2099
11.7439	2099
11.7449	2099
11.7499	2099
11.7559	2099
11.7559	2099
11.7619	2099
11.7669	2099
11.7679	2099
11.7729	2099
11.7784	2099
11.7784	2099
11.7846	2099
11.7893	2099
11.7903	2099
11.7951	2099
11.8018	2099
11.8018	2099
11.8075	2099
11.8123	2099
11.8133	2099
11.819	2099
11.8247	2099
11.8257	2099
11.8305	2099
11.8354	2099
11.8364	2099
11.8419	2099
11.8479	2099
11.8489	2099
11.8534	2099
11.8583	2099
11.8593	2099
11.8641	2099
11.8708	2099
11.8718	2099
11.8765	2099
11.8812	2099
11.8822	2099
11.889	2099
11.8937	2099
11.8947	2099
11.8995	2099
11.9042	2099
11.9052	2099
11.9112	2099
11.9166	2099
11.9176	2099
11.9226	2099
11.9274	2099
11.9281	2099
11.9341	2099
11.9398	2099
11.9406	2099
11.9455	2099
11.9503	2099
11.9513	2099
11.958	2099
11.9627	2099
11.9637	2099
11.9684	2099
11.9742	2099
11.9742	2099
11.9809	2099
11.9859	2099
11.9866	2099
11.9914	2099
11.9973	2099
11.9973	2099
12.0038	2099
12.0088	2099
12.0098	2099
12.0146	2099
12.0203	2099
12.0203	2099
12.026	2099
12.0317	2099
12.0327	2099
12.0375	2099
12.0432	2099
12.0432	2099
12.0499	2099
12.0547	2099
12.0556	2099
12.0606	2099
12.0661	2099
12.0661	2099
12.0721	2099
12.0776	2099
12.0786	2099
12.0835	2099
12.0893	2099
12.0893	2099
12.096	2099
12.1007	2099
12.1017	2099
12.1065	2099
12.1122	2099
12.1132	2099
12.1189	2099
12.1237	2099
12.1247	2099
12.1294	2099
12.1354	2099
12.1361	2099
12.1418	2099
12.1468	2099
12.1478	2099
12.1523	2099
12.1583	2099
12.1593	2099
12.164	2099
12.1697	2099
12.1707	2099
12.1765	2099
12.1812	2099
12.1822	2099
12.1879	2099
12.1926	2099
12.1936	2099
12.1994	2099
12.2041	2099
12.2051	2099
12.2101	2099
12.2156	2099
12.2166	2099
12.2226	2099
12.227	2099
12.228	2099
12.233	2099
12.2388	2099
12.2395	2099
12.2455	2099
12.2502	2099
12.2512	2099
12.2569	2099
12.2627	2099
12.2627	2099
12.2684	2099
12.2731	2099
12.2741	2099
12.2798	2099
12.2856	2099
12.2856	2099
12.2913	2099
12.2963	2099
12.2973	2099
12.3028	2099
12.3087	2099
12.3087	2099
12.3142	2099
12.3192	2099
12.3202	2099
12.326	2099
12.3317	2099
12.3317	2099
12.3374	2099
12.3421	2099
12.3431	2099
12.3489	2099
12.3546	2099
12.3546	2099
12.3603	2099
12.3651	2099
12.3661	2099
12.371	2099
12.3775	2099
12.3775	2099
12.3835	2099
12.3882	2099
12.39	2099
12.3949	2099
12.4002	2099
12.4012	2099
12.4064	2099
12.4111	2099
12.4121	2099
12.4179	2099
12.4231	2099
12.4241	2099
12.4293	2099
12.4343	2099
12.4351	2099
12.4408	2099
12.4468	2099
12.4475	2099
12.4522	2099
12.4572	2099
12.4582	2099
12.4647	2099
12.4697	2099
12.4707	2099
12.4754	2099
12.4801	2099
12.4811	2099
12.4874	2099
12.4925	2099
12.4935	2099
12.4983	2099
12.5031	2099
12.504	2099
12.51	2099
12.5153	2099
12.5163	2099
12.5214	2099
12.527	2099
12.528	2099
12.534	2099
12.5382	2099
12.5392	2099
12.5443	2099
12.5506	2099
12.5506	2099
12.5567	2099
12.5611	2099
12.5621	2099
12.5673	2099
12.5733	2099
12.5733	2099
12.5798	2099
12.5847	2099
12.5857	2099
12.5903	2099
12.5962	2099
12.5962	2099
12.6027	2099
12.6076	2099
12.6086	2099
12.6139	2099
12.619	2099
12.619	2099
12.6254	2099
12.6306	2099
12.6315	2099
12.6365	2099
12.643	2099
12.643	2099
12.6489	2099
12.6535	2099
12.6545	2099
12.6594	2099
12.6656	2099
12.6656	2099
12.6718	2099
12.6765	2099
12.6775	2099
12.6823	2099
12.6885	2099
12.6895	2099
12.6948	2099
12.6998	2099
12.701	2099
12.7052	2099
12.7112	2099
12.7122	2099
12.7177	2099
12.7227	2099
12.7237	2099
12.7282	2099
12.7341	2099
12.7351	2099
12.7404	2099
12.7456	2099
12.7466	2099
12.7528	2099
12.757	2099
12.758	2099
12.7633	2099
12.7685	2099
12.7695	2099
12.7757	2099
12.781	2099
12.782	2099
12.787	2099
12.7914	2099
12.7924	2099
12.7984	2099
12.8039	2099
12.8049	2099
12.8099	2099
12.8141	2099
12.8151	2099
12.8213	2099
12.8265	2099
12.8275	2099
12.8328	2099
12.838	2099
12.838	2099
12.8442	2099
12.8492	2099
12.8505	2099
12.8557	2099
12.8617	2099
12.8617	2099
12.8672	2099
12.8721	2099
12.8731	2099
12.8786	2099
12.8846	2099
12.8846	2099
12.8901	2099
12.8951	2099
12.8961	2099
12.9013	2099
12.9075	2099
12.9075	2099
12.9137	2099
12.919	2099
12.92	2099
12.9242	2099
12.9304	2099
12.9304	2099
12.9364	2099
12.9419	2099
12.9429	2099
12.9479	2099
12.9534	2099
12.9534	2099
12.9593	2099
12.9646	2099
12.9658	2099
12.9708	2099
12.976	2099
12.977	2099
12.9822	2099
12.9875	2099
12.9885	2099
12.9937	2099
12.9999	2099
13.0009	2099
13.0052	2099
13.0102	2099
13.0112	2099
13.0166	2099
13.0226	2099
13.0236	2099
13.0281	2099
13.0331	2099
13.0341	2099
13.0406	2099
13.0455	2099
13.0465	2099
13.0518	2099
13.0565	2099
13.0575	2099
13.0632	2099
13.0684	2099
13.0694	2099
13.0747	2099
13.0799	2099
13.0804	2099
13.0861	2099
13.0914	2099
13.0924	2099
13.0974	2099
13.1028	2099
13.1038	2099
13.1093	2099
13.114	2099
13.1153	2099
13.1203	2099
13.1265	2099
13.1265	2099
13.1322	2099
13.1379	2099
13.1389	2099
13.1437	2099
13.1494	2099
13.1494	2099
13.1551	2099
13.1601	2099
13.1619	2099
13.1661	2099
13.1726	2099
13.1726	2099
13.1786	2099
13.183	2099
13.184	2099
13.189	2099
13.195	2099
13.195	2099
13.201	2099
13.207	2099
13.2078	2099
13.2127	2099
13.2189	2099
13.2189	2099
13.2249	2099
13.2299	2099
13.2309	2099
13.2356	2099
13.2418	2099
13.2418	2099
13.2478	2099
13.2528	2099
13.2538	2099
13.2586	2099
13.2642	2099
13.2652	2099
13.2701	2099
13.276	2099
13.2767	2099
13.2817	2099
13.2874	2099
13.2884	2099
13.293	2099
13.298	2099
13.299	2099
13.3041	2099
13.3105	2099
13.3115	2099
13.3161	2099
13.3219	2099
13.3229	2099
13.328	2099
13.3334	2099
13.3344	2099
13.34	2099
13.3448	2099
13.3458	2099
13.3516	2099
13.3563	2099
13.3573	2099
13.3623	2099
13.3679	2099
13.3689	2099
13.3747	2099
13.3792	2099
13.3802	2099
13.3852	2099
13.3909	2099
13.3917	2099
13.3976	2099
13.4024	2099
13.4034	2099
13.4081	2099
13.4149	2099
13.4149	2099
13.4206	2099
13.4253	2099
13.4263	2099
13.431	2099
13.437	2099
13.437	2099
13.4435	2099
13.4485	2099
13.4495	2099
13.455	2099
13.4609	2099
13.4609	2099
13.4664	2099
13.4714	2099
13.4724	2099
13.4771	2099
13.4838	2099
13.4838	2099
13.4896	2099
13.4943	2099
13.4953	2099
13.5	2099
13.5068	2099
13.5068	2099
13.5128	2099
13.5173	2099
13.5231	2099
13.5231	2099
13.5298	2099
13.5346	2099
13.5356	2099
13.5403	2099
13.5463	2099
13.5463	2099
13.5527	2099
13.5576	2099
13.5586	2099
13.5633	2099
13.569	2099
13.569	2099
13.5948	1944
13.5978	1944
13.6035	1944
13.6083	1944
13.6142	1944
13.616	1944
13.6217	1944
13.6277	1944
13.6293	1944
13.6343	1944
13.64	1944
13.6467	1944
13.6477	1944
13.6537	1944
13.6582	1944
13.6648	1944
13.6658	1944
13.6718	1944
13.6778	1944
13.6826	1944
13.6883	1944
13.6893	1944
13.6957	1944
13.7018	1944
13.7018	1944
13.7078	1944
13.7138	1944
13.7148	1944
13.7206	1944
13.7263	1944
13.7319	1944
13.7329	1944
13.7387	1944
13.7444	1944
13.7454	1944
13.7502	1944
13.7569	1944
13.7579	1944
13.7636	1944
13.7693	1944
13.7693	1944
13.7751	1944
13.7818	1944
13.7828	1944
13.7886	1944
13.7943	1944
13.7943	1944
13.8	1944
13.8067	1944
13.8077	1944
13.8133	1944
13.8183	1944
13.8249	1944
13.8259	1944
13.8316	1944
13.8374	1944
13.8384	1944
13.8431	1944
13.8498	1944
13.8508	1944
13.8565	1944
13.8623	1944
13.8623	1944
13.869	1944
13.8746	1944
13.8756	1944
13.8816	1944
13.8866	1944
13.8876	1944
13.8939	1980
13.8992	1980
13.9002	1980
13.905	1980
13.9112	1980
13.9125	1980
13.9175	1980
13.9237	1980
13.9249	1980
13.9308	1980
13.9351	1980
13.936	1980
13.9429	1980
13.9485	1980
13.9485	1980
13.9542	1980
13.961	1980
13.962	1980
13.9662	1980
13.9725	1980
13.9735	1980
13.9791	1980
13.984	1980
13.985	1980
13.9911	1980
13.996	1980
13.997	1980
14.0033	1980
14.009	1980
14.0103	1980
14.0151	1980
14.0218	1980
14.0228	1980
14.0276	1980
14.0338	1980
14.0348	1980
14.04	1980
14.0453	1980
14.0463	1980
14.0521	1980
14.0582	1980
14.0582	1980
14.0645	1980
14.0707	1980
14.0717	1980
14.0769	1980
14.0822	1980
14.0832	1980
14.0884	1980
14.0946	1980
14.0956	1980
14.1018	1980
14.1061	1980
14.1071	1980
14.1139	1980
14.1192	1980
14.1192	1980
14.1258	1980
14.1316	1980
14.1326	1980
14.1374	1980
14.1431	1980
14.1441	1980
14.1508	1980
14.1556	1980
14.1566	1980
14.1623	1980
14.167	1980
14.168	1980
14.1748	1980
14.1805	1980
14.1805	1980
14.1862	1980
14.1929	1980
14.1939	1980
14.1981	1980
14.2043	1980
14.2053	1980
14.2113	1980
14.2165	1980
14.2177	1980
14.2231	1980
14.2289	1980
14.2292	1980
14.2352	1980
14.2414	1980
14.2426	1980
14.2476	1980
14.2538	2099
14.2541	2099
14.2591	2099
14.2648	2099
14.2658	2099
14.2715	2099
14.2761	2099
14.2771	2099
14.283	2099
14.2872	2099
14.2882	2099
14.2944	2099
14.2997	2099
14.3007	2099
14.3059	2099
14.3112	2099
14.3112	2099
14.3174	2099
14.3222	2099
14.3236	2099
14.3285	2099
14.3342	2099
14.3342	2099
14.3402	2099
14.3456	2099
14.3466	2099
14.3516	2099
14.3571	2099
14.3571	2099
14.3631	2099
14.3688	2099
14.3696	2099
14.3745	2099
14.3803	2099
14.3803	2099
14.387	2099
14.3917	2099
14.3927	2099
14.3974	2099
14.4032	2099
14.4032	2099
14.4099	2099
14.4149	2099
14.4157	2099
14.4207	2099
14.4262	2099
14.4262	2099
14.4326	2099
14.4377	2099
14.4387	2099
14.4426	2099
14.4463	2099
14.4473	2099
14.4511	2099
14.4565	2099
14.4565	2099
14.4617	2099
14.4657	2099
14.467	2099
14.4702	2099
14.4742	2099
14.4752	2099
14.4799	2099
14.4837	2099
14.4847	2099
14.4885	2099
14.4934	2099
14.4934	2099
14.4971	2099
14.5021	2099
14.5021	2099
14.5076	2099
14.5115	2099
14.5125	2099
14.5163	2099
14.52	2099
14.521	2099
14.525	2099
14.5298	2099
14.5308	2099
14.5345	2099
14.5395	2099
14.5395	2099
14.5449	2099
14.5489	2099
14.5489	2099
14.5537	2099
14.5574	2099
14.5584	2099
14.5624	2099
14.5661	2099
14.5671	2099
14.5718	2099
14.5758	2099
14.5768	2099
14.5806	2099
14.5853	2099
14.5853	2099
14.59	2099
14.5948	2099
14.5958	2099
14.5997	2099
14.6035	2099
14.6045	2099
14.6082	2099
14.6122	2099
14.6132	2099
14.6179	2099
14.6227	2099
14.6227	2099
14.6267	2099
14.6311	2099
14.6311	2099
14.6361	2099
14.6402	2099
14.6412	2099
14.6452	2099
14.6492	2099
14.6504	2099
14.6547	2099
14.6587	2099
14.6597	2099
14.6639	2099
14.6681	2099
14.6681	2099
14.673	2099
14.6777	2099
14.6777	2099
14.6827	2099
14.6868	2099
14.6873	2099
14.6913	2099
14.695	2099
14.696	2099
14.7003	2099
14.7043	2099
14.7053	2099
14.7097	2099
14.7147	2099
14.7147	2099
14.7193	2099
14.7233	2099
14.7243	2099
14.7281	2099
14.7328	2099
14.7338	2099
14.7378	2099
14.7419	2099
14.7429	2099
14.7463	2099
14.7511	2099
14.7511	2099
14.7553	2099
14.7603	2099
14.7603	2099
14.7658	2100
14.7698	2100
14.7708	2100
14.7741	2100
14.7784	2130
14.7794	2130
14.7831	2130
14.788	2130
14.789	2130
14.7927	2130
14.7969	2130
14.7979	2130
14.8019	2131
14.8051	2131
14.8061	2131
14.8104	2131
14.8157	2160
14.8157	2160
14.82	2160
14.8238	2160
14.8248	2160
14.8287	2160
14.8324	2160
14.8334	2160
14.8374	2160
14.8415	2173
14.8425	2173
14.847	2180
14.8507	2180
14.8517	2180
14.856	2180
14.86	2180
14.861	2180
14.8645	2228
14.8685	2228
14.8695	2228
14.8733	2228
14.877	2228
14.877	2228
14.881	2228
14.8856	2228
14.8866	2228
14.8905	2228
14.8945	2228
14.8952	2228
14.8996	2228
14.9036	2228
14.9036	2228
14.9078	2228
14.911	2228
14.912	2228
14.916	2228
14.9206	2228
14.9216	2228
14.9256	2228
14.9294	2228
14.9294	2228
14.9331	2228
14.9371	2228
14.9381	2228
14.9422	2228
14.9466	2228
14.9476	2228
14.9514	2228
14.9556	2228
14.9556	2228
14.9596	2228
14.9638	2228
14.9641	2228
14.9681	2228
14.9724	2228
14.9734	2228
14.9777	2228
14.9817	2228
14.9817	2228
14.9854	2228
14.993	2228
14.994	2228
15.0007	2228
15.0074	2228
15.0087	2228
15.0147	2228
15.0212	2228
15.0222	2228
15.0297	2228
15.0367	2228
15.0377	2228
15.0438	2228
15.05	2228
15.051	2228
15.0583	2228
15.0657	2228
15.0667	2228
15.0721	2228
15.0793	2228
15.0803	2228
15.0878	2228
15.0945	2228
15.0945	2228
15.1019	2228
15.1083	2228
15.1093	2228
15.1167	2228
15.1229	2228
15.1239	2228
15.1304	2228
15.1374	2228
15.1381	2228
15.1459	2228
15.1519	2228
15.1529	2228
15.1599	2228
15.1665	2228
15.1675	2228
15.1722	2228
15.1779	2228
15.1779	2228
15.1831	2228
15.1881	2228
15.1881	2228
15.1933	2228
15.1985	2228
15.1995	2228
15.2041	2228
15.2091	2228
15.2101	2228
15.2157	2228
15.2205	2228
15.2215	2228
15.2267	2228
15.2316	2228
15.2326	2228
15.2373	2228
15.2421	2228
15.2431	2228
15.2487	2228
15.2537	2228
15.2537	2228
15.2584	2228
15.2641	2228
15.2641	2228
15.269	2228
15.2742	2235
15.2752	2235
15.2809	2235
15.2858	2235
15.2868	2235
15.2913	2235
15.2963	2235
15.2973	2235
15.303	2235
15.3077	2235
15.3125	2235
15.3173	2235
15.3183	2235
15.3236	2235
15.3288	2235
15.3288	2235
15.3348	2235
15.3393	2235
15.3393	2235
15.3447	2235
15.3497	2235
15.3503	2235
15.3552	2235
15.36	2235
15.361	2235
15.3665	2235
15.3715	2235
15.3725	2235
15.3773	2235
15.383	2235
15.384	2235
15.3888	2235
15.3931	2235
15.3931	2235
15.3983	2235
15.4033	2235
15.4045	2235
15.4092	2235
15.4142	2235
15.4152	2235
15.4202	2235
15.4252	2235
15.4262	2235
15.4314	2235
15.4367	2235
15.4377	2235
15.4429	2235
15.4476	2235
15.4476	2235
15.4533	2235
15.4586	2235
15.4586	2235
15.463	2235
15.4688	2235
15.4691	2235
15.474	2235
15.4796	2235
15.4806	2235
15.4856	2235
15.4904	2235
15.4911	2235
15.4961	2235
15.5012	2235
15.5022	2235
15.5072	2235
15.5127	2235
15.5127	2235
15.5177	2235
15.5222	2235
15.5232	2235
15.5282	2235
15.5338	2235
15.5348	2235
15.5398	2235
15.5448	2235
15.5458	2235
15.5508	2235
15.556	2235
15.5562	2235
15.5612	2235
15.5668	2235
15.5668	2235
15.5728	2235
15.5774	2235
15.5774	2235
15.5824	2235
15.5871	2235
15.5884	2235
15.5934	2235
15.5986	2235
15.5995	2235
15.6045	2235
15.6099	2235
15.6109	2235
15.6158	2235
15.62	2235
15.621	2235
15.626	2235
15.6315	2235
15.6315	2235
15.6365	2235
15.6417	2235
15.6427	2235
15.6479	2235
15.6522	2235
15.6532	2235
15.6584	2235
15.6634	2235
15.6644	2235
15.6699	2235
15.6748	2235
15.6758	2235
15.6801	2235
15.6853	2235
15.6853	2235
15.6919	2235
15.6969	2235
15.6969	2235
15.7016	2235
15.7063	2235
15.7073	2235
15.7121	2235
15.7178	2235
15.7188	2235
15.7235	2235
15.7283	2235
15.7293	2235
15.7342	2235
15.7399	2235
15.7409	2235
15.7457	2235
15.7508	2235
15.7508	2235
15.7558	2235
15.7608	2235
15.7613	2235
15.7663	2235
15.7715	2235
15.7725	2235
15.7777	2235
15.7827	2235
15.7839	2235
15.7882	2235
15.7932	2235
15.7954	2235
15.8007	2235
15.8056	2235
15.8082	2235
15.8132	2235
15.8186	2235
15.8237	2235
15.8237	2235
15.8286	2235
15.8333	2235
15.8343	2235
15.839	2235
15.8447	2235
15.8457	2235
15.8506	2235
15.8553	2235
15.8563	2235
15.861	2235
15.8663	2235
15.8673	2235
15.8726	2235
15.8779	2235
15.8779	2235
15.8826	2235
15.8884	2235
15.8884	2235
15.8936	2235
15.898	2235
15.899	2235
15.9048	2235
15.9146	2159
15.9176	2159
15.9233	2159
15.9282	2159
15.9282	2159
15.9349	2159
15.9391	2159
15.9401	2159
15.9454	2159
15.9507	2159
15.9516	2159
15.9569	2159
15.9612	2159
15.9622	2159
15.9678	2159
15.9736	2159
15.9736	2159
15.9795	2159
15.9842	2159
15.9852	2159
15.991	2159
15.9952	2159
15.9962	2159
16.0014	2159
16.0067	2159
16.0076	2159
16.0124	2159
16.0173	2159
16.0183	2159
16.0231	2159
16.0298	2159
16.0298	2159
16.0354	2159
16.0404	2159
16.0414	2159
16.0464	2159
16.0518	2159
16.0528	2159
16.0576	2159
16.0628	2159
16.0638	2159
16.068	2159
16.0733	2159
16.0743	2159
16.079	2159
16.0857	2159
16.0857	2159
16.0915	2159
16.0964	2159
16.0974	2159
16.102	2159
16.1079	2159
16.1089	2159
16.113	2159
16.1183	2159
16.1193	2159
16.1242	2159
16.1294	2159
16.1307	2159
16.1357	2159
16.1414	2159
16.1414	2159
16.1471	2159
16.1529	2159
16.1577	2159
16.1587	2159
16.1639	2159
16.1683	2159
16.1693	2159
16.1743	2159
16.1793	2159
16.1803	2159
16.1855	2159
16.1917	2159
16.1917	2159
16.1974	2159
16.2021	2159
16.2071	2159
16.2089	2159
16.2136	2159
16.2184	2228
16.2194	2228
16.2244	2228
16.2299	2228
16.2309	2228
16.2359	2228
16.2409	2228
16.2419	2228
16.2468	2228
16.2514	2228
16.2524	2228
16.2573	2228
16.2621	2228
16.2621	2228
16.2678	2228
16.2734	2228
16.2734	2228
16.2784	2228
16.2832	2228
16.2842	2228
16.2894	2228
16.2944	2228
16.2956	2228
16.3008	2228
16.3052	2228
16.3062	2228
16.3114	2228
16.3162	2228
16.317	2228
16.322	2228
16.3278	2228
16.3288	2228
16.3335	2228
16.3382	2228
16.3382	2228
16.3435	2228
16.3494	2228
16.3494	2228
16.3549	2228
16.3599	2228
16.3609	2228
16.365	2228
16.3705	2228
16.3715	2228
16.3765	2228
16.3815	2228
16.3825	2228
16.3877	2228
16.3929	2228
16.3939	2228
16.3985	2228
16.4034	2228
16.4044	2228
16.4093	2228
16.415	2228
16.415	2228
16.4197	2228
16.4244	2228
16.4254	2228
16.4304	2228
16.4354	2228
16.4364	2228
16.4418	2228
16.446	2228
16.448	2228
16.4527	2228
16.4577	2228
16.4587	2228
16.4632	2228
16.4682	2228
16.4692	2228
16.4748	2228
16.4798	2228
16.4805	2228
16.4853	2228
16.4902	2228
16.4902	2228
16.496	2228
16.5007	2228
16.5017	2228
16.5064	2228
16.5113	2228
16.512	2228
16.517	2228
16.5228	2228
16.5238	2228
16.5285	2228
16.5332	2228
16.5342	2228
16.5399	2228
16.5448	2228
16.5458	2228
16.55	2228
16.555	2228
16.5553	2228
16.5615	2228
16.5665	2228
16.5677	2228
16.573	2228
16.5777	2228
16.5827	2228
16.5827	2228
16.5873	2228
16.5931	2228
16.5931	2228
16.5989	2228
16.6037	2228
16.6047	2228
16.6094	2228
16.6147	2228
16.6157	2228
16.6209	2228
16.6252	2228
16.6271	2228
16.633	2228
16.6377	2228
16.6377	2228
16.6425	2228
16.6472	2228
16.6492	2228
16.6558	2228
16.6607	2228
16.6659	2228
16.6659	2228
16.6708	2228
16.6751	2228
16.6761	2228
16.6813	2228
16.6863	2228
16.6879	2228
16.6928	2228
16.6976	2228
16.6986	2228
16.7033	2228
16.7081	2228
16.7099	2228
16.7148	2228
16.7197	2228
16.7207	2228
16.7259	2228
16.7301	2228
16.7301	2228
16.7364	2228
16.7412	2228
16.7412	2228
16.7469	2228
16.7517	2228
16.7525	2228
16.7575	2228
16.7624	2228
16.7641	2228
16.7695	2228
16.7747	2228
16.7747	2228
16.78	2228
16.785	2228
16.7862	2228
16.7915	2228
16.7963	2228
16.7963	2228
16.801	2228
16.807	2228
16.8077	2228
16.8126	2228
16.8173	2228
16.8183	2228
16.8235	2228
16.8283	2228
16.8293	2228
16.8341	2228
16.8456	2155
16.8456	2155
16.8518	2155
16.858	2155
16.8638	2155
16.8647	2155
16.8697	2155
16.8742	2155
16.8752	2155
16.8801	2155
16.8851	2155
16.8906	2155
16.8916	2155
16.8965	2155
16.902	2155
16.902	2155
16.909	2155
16.9136	2155
16.9186	2155
16.9196	2155
16.9241	2155
16.929	2155
16.93	2155
16.9356	2155
16.9415	2155
16.9415	2155
16.9471	2155
16.9521	2155
16.9578	2155
16.9587	2155
16.9637	2155
16.9689	2155
16.9699	2155
16.9744	2155
16.9793	2155
16.9803	2155
16.9855	2155
16.9913	2155
16.9913	2155
16.997	2155
17.0028	2155
17.0038	2155
17.008	2155
17.0135	2155
17.0142	2155
17.0196	2155
17.0248	2155
17.0258	2155
17.03	2155
17.036	2155
17.036	2155
17.0425	2155
17.0475	2155
17.0485	2155
17.054	2155
17.0583	2155
17.0636	2155
17.0645	2155
17.0693	2155
17.0741	2155
17.0801	2155
17.0801	2155
17.0866	2155
17.0916	2155
17.0926	2155
17.0972	2155
17.1025	2155
17.1077	2155
17.1087	2155
17.1135	2155
17.1198	2155
17.1198	2155
17.1253	2155
17.1303	2155
17.1351	2155
17.1361	2155
17.1418	2155
17.1465	2155
17.1475	2155
17.1521	2155
17.1571	2235
17.1581	2235
17.1633	2235
17.1681	2235
17.1691	2235
17.1748	2235
17.1795	2235
17.1809	2235
17.1854	2235
17.1904	2235
17.1914	2235
17.1969	2235
17.2016	2235
17.2016	2235
17.2073	2235
17.2127	2235
17.2127	2235
17.2179	2235
17.2227	2235
17.2237	2235
17.2284	2235
17.2332	2235
17.2342	2235
17.2395	2235
17.2445	2235
17.2457	2235
17.2509	2235
17.2558	2235
17.2568	2235
17.261	2235
17.2663	2235
17.2663	2235
17.2716	2235
17.2768	2235
17.2778	2235
17.2824	2235
17.2874	2235
17.2883	2235
17.2932	2235
17.2984	2235
17.2994	2235
17.3046	2235
17.3099	2235
17.3109	2235
17.3157	2235
17.321	2235
17.321	2235
17.3262	2235
17.3314	2235
17.3314	2235
17.3363	2235
17.3415	2235
17.3425	2235
17.3472	2235
17.3526	2235
17.3535	2235
17.3583	2235
17.3636	2235
17.3646	2235
17.3698	2235
17.3747	2235
17.3757	2235
17.3804	2235
17.3851	2235
17.3851	2235
17.3903	2235
17.3953	2235
17.3963	2235
17.4015	2235
17.4067	2235
17.4077	2235
17.4129	2235
17.4177	2235
17.4187	2235
17.4237	2235
17.4283	2235
17.4293	2235
17.434	2235
17.4397	2235
17.4397	2235
17.4455	2235
17.4507	2235
17.4507	2235
17.4547	2235
17.4584	2235
17.4594	2235
17.4631	2235
17.4671	2235
17.4671	2235
17.4719	2235
17.4766	2235
17.4766	2235
17.4806	2235
17.4847	2235
17.4857	2235
17.4891	2235
17.4931	2235
17.4931	2235
17.4976	2235
17.5016	2235
17.5026	2235
17.5064	2235
17.5106	2235
17.5116	2235
17.5156	2235
17.5198	2235
17.5198	2235
17.5231	2235
17.527	2235
17.528	2235
17.5328	2235
17.5365	2235
17.5375	2235
17.5415	2235
17.5453	2235
17.5453	2235
17.55	2235
17.554	2235
17.5547	2235
17.5586	2235
17.5624	2235
17.5634	2235
17.5673	2235
17.5715	2235
17.5715	2235
17.5755	2235
17.5797	2235
17.58	2235
17.585	2235
17.589	2235
17.5892	2235
17.5935	2235
17.5974	2235
17.5974	2235
17.6014	2235
17.6059	2235
17.6069	2235
17.6109	2235
17.6142	2235
17.6155	2235
17.6195	2235
17.6233	2235
17.6233	2235
17.6279	2235
17.6319	2235
17.6329	2235
17.6367	2235
17.6404	2235
17.6414	2235
17.6454	2235
17.65	2235
17.654	2235
17.654	2235
17.6577	2235
17.6616	2235
17.6626	2235
17.6664	2235
17.6703	2235
17.6716	2235
17.6756	2235
17.7396	2235
17.7491	2235
17.7554	2235
17.7564	2235
17.7632	2235
17.7704	2235
17.7714	2235
17.777	2235
17.7846	2235
17.7856	2235
17.7925	2235
17.7996	2235
17.8006	2235
17.8063	2235
17.8135	2235
17.8145	2235
17.8211	2235
17.8271	2235
17.8349	2235
17.8419	2235
17.8429	2235
17.8494	2235
17.8551	2235
17.8603	2235
17.8653	2235
17.8663	2235
17.8715	2235
17.8762	2235
17.8815	2235
17.8825	2235
17.8873	2235
17.892	2235
17.893	2235
17.8983	2235
17.9033	2235
17.9049	2235
17.9097	2235
17.9141	2250
17.9141	2250
17.9191	2250
17.9246	2250
17.9255	2250
17.9303	2255
17.9352	2269
17.9362	2269
17.9414	2271
17.9467	2271
17.9519	2277
17.9529	2277
17.9569	2277
17.9615	2292
17.9663	2292
17.9673	2292
17.973	2292
17.9772	2313
17.9782	2313
17.9822	2328
17.9874	2328
17.9884	2328
17.9934	2328
17.9984	2328
17.9984	2328
18.0034	2328
18.0084	2328
18.0094	2328
18.0144	2328
18.0184	2328
18.0194	2328
18.0244	2328
18.0295	2328
18.0305	2328
18.0348	2328
18.0398	2328
18.0408	2328
18.0457	2328
18.0506	2328
18.0506	2328
18.0556	2328
18.0601	2328
18.0611	2328
18.066	2328
18.0702	2328
18.0712	2328
18.0761	2328
18.0814	2328
18.0826	2328
18.0866	2328
18.0914	2328
18.0924	2328
18.0976	2328
18.1023	2328
18.1023	2328
18.109	2328
18.1148	2328
18.1148	2328
18.1206	2328
18.1244	2328
18.1254	2328
18.1301	2328
18.1359	2328
18.1359	2328
18.1421	2328
18.1483	2328
18.1483	2328
18.1546	2328
18.1608	2328
18.1608	2328
18.167	2328
18.1714	2328
18.1724	2328
18.1771	2328
18.1828	2328
18.1828	2328
18.1886	2328
18.1948	2328
18.1948	2328
18.1997	2328
18.2044	2328
18.2054	2328
18.2102	2328
18.2159	2328
18.2159	2328
18.2203	2328
18.225	2328
18.226	2328
18.2313	2328
18.2375	2328
18.2375	2328
18.2428	2328
18.2471	2328
18.2481	2328
18.2528	2328
18.259	2328
18.259	2328
18.2644	2328
18.2696	2328
18.2706	2328
18.2744	2328
18.2811	2328
18.2811	2328
18.2868	2328
18.2912	2328
18.2922	2328
18.2969	2328
18.3026	2328
18.3026	2328
18.3084	2328
18.3151	2328
18.3151	2328
18.3209	2328
18.3252	2328
18.3262	2328
18.3304	2328
18.3367	2328
18.3367	2328
18.341	2328
18.3462	2328
18.3472	2328
18.352	2328
18.3587	2328
18.3587	2328
18.3645	2328
18.3683	2328
18.3693	2328
18.374	2328
18.3803	2328
18.3803	2328
18.3865	2328
18.3927	2328
18.3927	2328
18.3989	2328
18.4052	2328
18.4052	2328
18.41	2328
18.4158	2328
18.4168	2328
18.4205	2328
18.4272	2328
18.4272	2328
18.433	2328
18.4397	2328
18.4397	2328
18.4454	2328
18.4521	2328
18.4521	2328
18.458	2328
18.4622	2328
18.4632	2328
18.4675	2328
18.4737	2328
18.4737	2328
18.4799	2328
18.4861	2328
18.4861	2328
18.4915	2328
18.4967	2328
18.4977	2328
18.5015	2328
18.5082	2328
18.5082	2328
18.5139	2328
18.5188	2328
18.5198	2328
18.5235	2328
18.5297	2328
18.5297	2328
18.536	2328
18.5422	2328
18.5422	2328
18.5484	2328
18.5546	2328
18.5546	2328
18.5595	2328
18.5642	2328
18.5652	2328
18.57	2328
18.5767	2328
18.5767	2328
18.5824	2328
18.5891	2328
18.5891	2328
18.5949	2328
18.5997	2328
18.6007	2328
18.6045	2328
18.6107	2328
18.6107	2328
18.6169	2328
18.6232	2328
18.6232	2328
18.6285	2328
18.6337	2328
18.6347	2328
18.6385	2328
18.6452	2328
18.6452	2328
18.6509	2328
18.6576	2328
18.6576	2328
18.6634	2328
18.6701	2328
18.6701	2328
18.676	2328
18.6807	2328
18.6817	2328
18.6854	2328
18.6917	2328
18.6917	2328
18.6979	2328
18.7041	2328
18.7041	2328
18.7103	2328
18.7166	2328
18.7166	2328
18.7228	2328
18.729	2328
18.729	2328
18.7344	2328
18.7415	2328
18.7415	2328
18.7468	2328
18.7511	2328
18.7521	2328
18.7568	2328
18.7635	2328
18.7635	2328
18.7693	2328
18.776	2328
18.776	2328
18.7817	2328
18.7884	2328
18.7884	2328
18.7933	2328
18.7985	2328
18.7995	2328
18.8038	2328
18.81	2328
18.81	2328
18.8143	2328
18.8224	2328
18.8224	2328
18.8278	2328
18.832	2328
18.833	2328
18.8378	2328
18.8445	2328
18.8445	2328
18.8502	2328
18.8569	2328
18.8569	2328
18.8627	2328
18.8694	2328
18.8694	2328
18.8751	2328
18.8819	2328
18.8819	2328
18.8876	2328
18.892	2328
18.893	2328
18.8972	2328
18.9034	2328
18.9034	2328
18.9096	2328
18.9159	2328
18.9159	2328
18.9202	2328
18.9283	2328
18.9283	2328
18.9332	2328
18.9389	2328
18.9399	2328
18.9437	2328
18.9504	2328
18.9504	2328
18.9561	2328
18.9628	2328
18.9628	2328
18.9686	2328
18.9753	2328
18.9753	2328
18.9801	2328
18.9854	2328
18.9864	2328
18.9906	2328
18.9968	2328
18.9968	2328
19.0031	2328
19.0093	2328
19.0093	2328
19.0155	2328
19.0217	2328
19.0217	2328
19.028	2328
19.0342	2328
19.0342	2328
19.0404	2328
19.0467	2328
19.0467	2328
19.0515	2328
19.0562	2328
19.0572	2328
19.062	2328
19.0687	2328
19.0687	2328
19.0744	2328
19.0812	2328
19.0812	2328
19.0869	2328
19.0936	2328
19.0936	2328
19.0994	2328
19.1032	2328
19.1042	2328
19.1099	2328
19.1156	2328
19.1156	2328
19.1214	2328
19.1276	2328
19.1276	2328
19.1339	2328
19.1401	2328
19.1401	2328
19.1463	2328
19.1525	2328
19.1525	2328
19.1588	2328
19.1621	2328
19.1631	2328
19.1689	2328
19.1746	2328
19.1746	2328
19.1803	2328
19.187	2328
19.187	2328
19.1928	2328
19.1995	2328
19.1995	2328
19.2052	2328
19.2119	2328
19.2119	2328
19.2168	2328
19.2215	2328
19.2225	2328
19.2273	2328
19.2335	2328
19.2335	2328
19.2397	2328
19.246	2328
19.246	2328
19.2522	2328
19.2584	2328
19.2584	2328
19.2646	2328
19.269	2328
19.27	2328
19.2747	2328
19.2804	2328
19.2804	2328
19.2862	2328
19.2929	2328
19.2929	2328
19.2987	2328
19.3054	2328
19.3054	2328
19.3111	2328
19.3178	2328
19.3178	2328
19.3236	2328
19.3279	2328
19.3289	2328
19.336	2328
19.3404	2328
19.3414	2328
19.3466	2328
19.3518	2328
19.3518	2328
19.3581	2328
19.3643	2328
19.3643	2328
19.3696	2328
19.3767	2328
19.3767	2328
19.3811	2328
19.3863	2328
19.3873	2328
19.3925	2328
19.3988	2328
19.3988	2328
19.4045	2328
19.4112	2328
19.4112	2328
19.417	2328
19.4237	2328
19.4237	2328
19.4294	2328
19.4361	2328
19.4361	2328
19.4419	2328
19.4486	2328
19.4486	2328
19.4535	2328
19.4587	2328
19.4597	2328
19.4639	2328
19.4702	2328
19.4702	2328
19.4764	2328
19.4826	2328
19.4826	2328
19.4888	2328
19.4951	2328
19.4951	2328
19.5004	2328
19.5075	2328
19.5075	2328
19.5124	2328
19.5171	2328
19.5181	2328
19.5229	2328
19.5296	2328
19.5296	2328
19.5353	2328
19.542	2328
19.542	2328
19.5478	2328
19.5545	2328
19.5545	2328
19.5602	2328
19.5646	2328
19.5656	2328
19.5708	2328
19.576	2328
19.576	2328
19.5823	2328
19.5885	2328
19.5885	2328
19.5947	2328
19.601	2328
19.601	2328
19.6072	2328
19.6134	2328
19.6134	2328
19.6196	2328
19.624	2328
19.625	2328
19.6297	2328
19.6354	2328
19.6354	2328
19.6412	2328
19.6479	2328
19.6479	2328
19.6537	2328
19.6604	2328
19.6604	2328
19.6652	2328
19.6728	2328
19.6728	2328
19.6777	2328
19.6829	2328
19.6839	2328
19.6881	2328
19.6944	2328
19.6944	2328
19.7006	2328
19.7068	2328
19.7068	2328
19.7131	2328
19.7174	2328
19.7184	2328
19.7255	2328
19.7299	2328
19.7309	2328
19.7356	2328
19.7413	2328
19.7413	2328
19.7471	2328
19.7538	2328
19.7538	2328
19.7595	2328
19.7662	2328
19.7662	2328
19.772	2328
19.7787	2328
19.7787	2328
19.7844	2328
19.7883	2328
19.7893	2328
19.794	2328
19.8002	2328
19.8002	2328
19.8065	2328
19.8127	2328
19.8127	2328
19.8189	2328
19.8252	2328
19.8252	2328
19.8314	2328
19.8376	2328
19.8376	2328
19.8438	2328
19.8472	2328
19.8482	2328
19.8539	2328
19.8596	2328
19.8596	2328
19.8654	2328
19.8691	2328
19.8701	2328
19.8751	2328
19.8809	2328
19.8809	2328
19.8856	2328
19.8903	2328
19.8913	2328
19.896	2328
19.901	2328
19.901	2328
19.9065	2328
19.9115	2328
19.9125	2328
19.9162	2328
19.9219	2328
19.9229	2328
19.9277	2328
19.9324	2328
19.9324	2328
19.9374	2328
19.9421	2328
19.9431	2328
19.9488	2328
19.9526	2328
19.9536	2328
19.9583	2328
19.9633	2328
19.9643	2328
19.9681	2328
19.9738	2328
19.9748	2328
19.9795	2328
19.9842	2328
19.9842	2328
19.9892	2328
19.9947	2328
19.9957	2328
