0.103701	1	94	1404
0.106574	2	97	1406
0.10695	3	97	206
0.109918	4	100	1406
0.11279	5	103	1406
0.113166	6	104	206
0.116134	7	107	1406
0.119006	8	110	1406
0.119382	9	110	206
0.12235	10	113	1406
0.125222	11	116	1406
0.125598	12	113	206
0.128566	13	116	1406
0.131438	14	115	1406
0.245782	15	72	206
0.248898	16	73	1406
0.266902	17	75	1406
0.273494	18	73	206
0.276462	19	75	1406
0.28555	20	77	1406
0.288798	21	74	206
0.291766	22	76	1406
0.300854	23	79	1406
0.30123	24	74	206
0.307542	25	79	1406
0.31663	26	81	1406
0.32035	27	79	206
0.32619	28	84	1406
0.332406	29	84	1406
0.338526	30	84	206
0.341494	31	86	1406
0.350582	32	88	1406
0.35718	33	89	206
0.360148	34	91	1406
0.369242	35	94	1406
0.372966	36	91	206
0.378808	37	96	1406
0.387902	38	98	1406
0.391626	39	96	206
0.397468	40	101	1406
0.403688	41	101	1406
0.410286	42	102	206
0.413254	43	104	1406
0.42857	44	112	1406
0.438042	45	117	206
0.44101	46	119	1406
0.456326	47	128	1406
0.466272	48	130	206
0.46924	49	133	1406
0.478334	50	136	1406
0.484932	51	137	206
0.4879	52	139	1406
0.499868	53	146	1406
0.506466	54	147	206
0.509434	55	150	1406
0.518528	56	153	1406
0.528474	57	158	206
0.531442	58	160	1406
0.540536	59	164	1406
0.547134	60	165	206
0.550102	61	168	1406
0.56207	62	174	1406
0.565794	63	172	206
0.571636	64	177	1406
0.584078	65	185	1406
0.590678	66	185	207
0.593648	67	188	1407
0.602744	68	191	1407
0.612692	69	196	207
0.618536	70	201	1407
0.627632	71	205	1407
0.634232	72	204	207
0.637202	73	207	1407
0.65252	74	213	1407
0.665342	75	217	207
0.668312	76	220	1407
0.689852	77	232	1407
0.699326	78	232	207
0.702296	79	235	1407
0.708518	80	235	1407
0.717992	81	239	207
0.720962	82	242	1407
0.730532	83	246	1407
0.733784	84	244	207
0.736754	85	247	1407
0.749198	86	251	1407
0.749576	87	249	207
0.752546	88	251	1407
0.761642	89	250	1407
0.767768	90	254	207
0.770738	91	256	1407
0.780308	92	254	1407
0.78356	93	255	207
0.78653	94	257	1407
0.7985	95	259	1407
0.799352	96	258	207
0.802322	97	260	1407
0.810944	98	262	1407
0.811796	99	261	207
0.814766	100	263	1407
0.823862	101	266	1407
0.827114	102	268	207
0.830084	103	270	1407
0.83918	104	270	1407
0.839558	105	268	207
0.842528	106	270	1407
0.851624	107	272	1407
0.852002	108	271	207
0.854972	109	272	1407
0.864068	110	276	1407
0.86732	111	277	207
0.87029	112	279	1407
0.882734	113	281	1407
0.883112	114	280	207
0.886082	115	282	1407
0.892304	116	282	1407
0.892682	117	280	207
0.899	119	279	1407
0.902252	120	280	207
0.905222	121	282	1407
0.911822	123	277	207
0.914792	124	279	1407
0.923888	125	282	1407
0.927236	127	283	1407
0.933462	128	279	1407
0.942564	131	279	1407
0.946294	132	281	207
0.949264	133	283	1407
0.955014	134	283	1407
0.967944	137	279	1407
0.977426	138	280	207
0.980396	139	283	1407
0.989498	140	282	1407
0.999456	141	277	207
1.00243	142	280	1407
1.01488	143	276	1407
1.03107	144	272	207
1.03404	145	275	1407
1.04314	146	271	1407
1.04974	147	271	207
1.05271	148	274	1407
1.06182	149	270	1407
1.06842	150	268	207
1.07139	151	271	1407
1.07714	152	271	1407
1.08375	153	264	207
1.08672	154	267	1407
1.09294	155	270	1407
1.09955	156	268	207
1.10252	157	271	1407
1.11162	158	271	1407
1.11488	159	264	207
1.11785	160	267	1407
1.12407	161	268	1407
1.13355	162	265	207
1.13652	163	268	1407
1.1394	164	267	1407
1.146	165	265	207
1.14897	166	267	1407
1.15185	167	267	1407
1.15845	168	265	207
1.16142	169	268	1407
1.16765	170	267	1407
1.17426	171	265	207
1.17723	172	268	1407
1.18298	173	270	1407
1.18959	174	268	207
1.19256	175	271	1407
1.19831	176	273	1407
1.20492	177	270	207
1.20789	178	273	1407
1.21364	179	273	1407
1.2236	180	271	207
1.22657	181	274	1407
1.22944	182	273	1407
1.23846	183	276	207
1.24143	184	279	1407
1.24766	185	278	1409
1.25139	187	277	207
1.25436	188	279	1407
1.25723	189	279	1407
1.26011	190	279	1409
1.26049	191	276	207
1.26346	192	279	1407
1.26681	193	279	1407
1.27342	194	280	207
1.27678	196	279	209
1.2806	198	277	207
1.28357	199	280	1407
1.29018	201	278	209
1.29316	202	281	1409
1.29641	203	281	207
1.29986	205	280	1407
1.31558	209	277	209
1.31856	210	280	1409
1.32478	212	277	1407
1.33053	213	280	1407
1.34921	215	280	1407
1.35496	216	282	1407
1.36157	217	277	207
1.36454	218	280	1407
1.37987	219	278	1407
1.38025	220	276	207
1.38945	221	276	1407
1.39567	222	276	1407
1.39893	223	276	207
1.40812	224	277	1407
1.411	225	277	1407
1.41473	226	276	207
1.42057	227	279	1407
1.4268	228	279	1407
1.43005	229	277	207
1.43302	230	277	1407
1.44213	231	279	1407
1.44298	232	273	207
1.44595	233	273	1407
1.45505	234	274	1407
1.45543	235	271	207
1.46128	236	274	1407
1.4675	237	273	1407
1.47411	238	271	207
1.47995	239	273	1407
1.48283	240	273	1407
1.48943	241	273	207
1.4924	242	273	1407
1.49863	243	277	1407
1.50188	244	273	207
1.50533	245	274	1407
1.51396	246	276	1407
1.51769	247	273	207
1.52353	248	276	1407
1.52976	249	276	1407
1.53301	250	274	207
1.53646	251	274	1407
1.54508	252	277	1407
1.54881	253	273	207
1.55178	254	273	1407
1.56089	255	277	1407
1.56127	256	268	208
1.57288	257	276	1408
1.57576	258	276	1408
1.58814	259	280	208
1.59159	260	280	1408
1.59734	261	280	1408
1.60107	263	278	208
1.60404	264	280	1408
1.6073	266	277	208
1.61027	267	280	1408
1.614	269	279	208
1.61985	271	281	1408
1.62944	273	279	1411
1.6327	274	280	208
1.64191	276	281	1411
1.64517	278	280	208
1.64814	279	282	1408
1.6515	280	282	1411
1.66146	282	276	211
1.66444	283	279	1411
1.6702	284	282	1411
1.67058	285	280	208
1.67403	286	283	1408
1.67441	287	280	211
1.67738	288	283	1408
1.68064	289	280	208
1.69405	290	275	211
1.69703	291	278	1408
1.70278	292	277	1408
1.70651	293	275	208
1.71236	294	278	1408
1.72481	295	274	1408
1.72519	296	273	208
1.73104	297	272	1408
1.73727	298	272	1408
1.74053	299	273	208
1.7435	300	276	1408
1.74973	301	271	1408
1.75586	302	274	208
1.75884	303	277	1408
1.76794	304	277	1408
1.77167	305	275	208
1.77464	306	278	1408
1.77752	307	277	1408
1.79323	308	272	208
1.7962	309	272	1408
1.81154	310	265	1408
1.82437	311	257	208
1.8307	312	260	1408
1.84603	313	255	1408
1.86175	314	249	208
1.87095	315	254	1408
1.88246	316	245	1408
1.88908	317	231	208
1.89205	318	231	1408
1.90069	319	218	1411
1.90934	320	206	1411
1.91798	321	193	1411
1.92422	322	179	1411
1.93285	323	166	1411
1.94196	324	154	1411
1.95107	325	143	1411
1.95731	326	128	1411
1.96306	327	126	1408
1.96679	328	122	208
1.96976	329	124	1408
1.97264	330	120	1408
1.9759	331	116	208
1.97887	332	118	1408
1.9851	333	118	1408
1.98548	334	111	208
1.98845	335	113	1408
1.9942	336	111	1408
1.99506	337	105	208
1.99803	338	107	1408
2.00378	339	105	1408
2.00704	340	102	208
2.01001	341	104	1408
2.01288	342	99	1408
2.01949	343	99	208
2.02246	344	101	1408
2.02869	345	99	1408
2.0353	346	99	208
2.03827	347	101	1408
2.04738	348	103	1408
2.05063	349	99	208
2.05408	350	102	1408
2.06271	351	103	1408
2.06644	352	100	208
2.07229	353	105	1408
2.07852	354	104	1408
2.08512	355	103	208
2.0881	356	105	1408
2.0972	357	107	1408
2.10046	358	103	208
2.10343	359	105	1408
2.11253	360	107	1408
2.11626	361	104	208
2.12211	362	109	1408
2.12834	363	108	1408
2.13495	364	107	208
2.13792	365	108	1408
2.14702	366	111	1408
2.15028	367	107	208
2.1566	368	112	1408
2.16236	369	111	1408
2.16609	370	108	208
2.17194	371	112	1408
2.17816	372	112	1408
2.18477	373	111	208
2.18774	374	113	1408
2.19685	375	114	1408
2.2001	376	111	208
2.20308	377	113	1408
2.21218	378	115	1408
2.21591	379	111	208
2.22176	380	116	1408
2.22799	381	115	1408
2.2346	382	115	208
2.23757	383	117	1408
2.24332	384	116	1408
2.24993	385	114	208
2.2529	386	116	1408
2.262	387	119	1408
2.26861	388	118	208
2.27158	389	120	1408
2.27781	390	119	1408
2.28442	391	119	208
2.28739	392	121	1408
2.29362	393	120	1408
2.29975	394	119	208
2.30272	395	120	1408
2.31183	396	122	1408
2.31556	397	119	208
2.32141	398	124	1408
2.32764	399	123	1408
2.33137	400	120	208
2.33722	401	125	1408
2.34297	402	123	1408
2.34958	403	123	208
2.35255	404	125	1408
2.36165	405	126	1408
2.36538	406	123	208
2.36836	407	125	1408
2.37746	408	127	1408
2.38407	409	127	208
2.38704	410	129	1408
2.39327	411	128	1408
2.3994	412	127	208
2.40237	413	129	1408
2.41148	414	131	1408
2.41521	415	127	208
2.41818	416	129	1408
2.42728	417	131	1408
2.43102	418	128	208
2.43686	419	132	1408
2.44309	420	132	1408
2.44922	421	131	208
2.4522	422	133	1408
2.4613	423	135	1408
2.46503	424	131	208
2.468	425	133	1408
2.47711	426	135	1408
2.48372	427	134	208
2.48669	428	136	1408
2.49244	429	135	1408
2.49905	430	135	208
2.50202	431	137	1408
2.51112	432	139	1408
2.51486	433	135	208
2.5207	434	139	1408
2.52693	435	138	1408
2.53354	436	138	208
2.53651	437	140	1408
2.54226	438	139	1408
2.54887	439	138	208
2.55184	440	140	1408
2.55807	441	140	1408
2.56468	442	139	208
2.56765	443	141	1408
2.57676	444	142	1408
2.58001	445	139	208
2.58634	446	144	1408
2.59209	447	143	1408
2.5987	448	142	208
2.60167	449	144	1408
2.61077	450	146	1408
2.6145	451	143	208
2.61748	452	145	1408
2.62658	453	147	1408
2.62984	454	142	208
2.63328	455	145	1408
2.64191	456	146	1408
2.64852	457	146	208
2.65149	458	148	1408
2.6606	459	150	1408
2.66433	460	147	208
2.6673	461	149	1408
2.6764	462	151	1408
2.67966	463	147	208
2.68311	464	149	1408
2.69174	465	150	1408
2.69834	466	150	208
2.70132	467	152	1408
2.71042	468	154	1408
2.71415	469	151	208
2.71712	470	153	1408
2.72335	471	152	1408
2.72948	472	151	208
2.73246	473	153	1408
2.74156	474	154	1408
2.74817	475	154	208
2.75114	476	156	1408
2.75737	477	155	1408
2.76398	478	154	208
2.76695	479	156	1408
2.77318	480	156	1408
2.77931	481	155	208
2.78276	482	157	1408
2.79138	483	159	1408
2.79512	484	155	208
2.80096	485	159	1408
2.80719	486	159	1408
2.8138	487	158	208
2.81677	488	160	1408
2.823	489	160	1408
2.82913	490	159	208
2.8321	491	161	1408
2.84121	492	163	1408
2.84494	493	158	208
2.85079	494	163	1408
2.85702	495	163	1408
2.86362	496	162	208
2.8666	497	164	1408
2.8757	498	166	1408
2.87896	499	162	208
2.88193	500	164	1408
2.89103	501	167	1408
2.89476	502	163	208
2.89774	503	165	1408
2.90684	504	166	1408
2.91345	505	166	208
2.91642	506	168	1408
2.92217	507	167	1408
2.92878	508	166	208
2.93175	509	168	1408
2.94086	510	170	1408
2.94459	511	167	208
2.94756	512	169	1408
2.95666	513	170	1408
2.96327	514	170	208
2.96624	515	172	1408
2.97535	516	174	1408
2.9786	517	170	208
2.98158	518	172	1408
2.99068	519	174	1408
2.99441	520	171	208
2.99738	521	173	1408
3.00649	522	175	1408
3.0131	523	174	208
3.01607	524	176	1408
3.02182	525	174	1408
3.02843	526	174	208
3.0314	527	176	1408
3.0405	528	178	1408
3.04424	529	175	208
3.04721	530	177	1408
3.05631	531	179	1408
3.06004	532	176	208
3.06589	533	179	1408
3.07164	534	178	1408
3.07825	535	178	208
3.08122	536	180	1408
3.09033	537	182	1408
3.09406	538	179	208
3.09703	539	181	1408
3.10614	540	183	1408
3.10939	541	179	208
3.11572	542	184	1408
3.12194	543	182	1408
3.12808	544	182	208
3.13105	545	184	1408
3.14015	546	186	1408
3.14388	547	182	208
3.14686	548	184	1408
3.15596	549	186	1408
3.15969	550	183	208
3.16554	551	188	1408
3.17129	552	187	1408
3.1779	553	185	208
3.18087	554	187	1408
3.18998	555	189	1408
3.19371	556	186	208
3.19668	557	188	1408
3.20578	558	190	1408
3.20952	559	187	208
3.21536	560	192	1408
3.22112	561	191	1408
3.22772	562	189	208
3.2307	563	191	1408
3.23692	564	190	1408
3.24353	565	190	208
3.2465	566	192	1408
3.25561	567	194	1408
3.25886	568	190	208
3.26184	569	192	1408
3.27094	570	194	1408
3.27467	571	191	208
3.28052	572	196	1408
3.28962	573	197	1408
3.29336	574	194	208
3.29633	575	196	1408
3.30543	576	198	1408
3.30869	577	194	208
3.31166	578	196	1408
3.32076	579	198	1408
3.3245	580	195	208
3.33034	581	200	1408
3.33945	582	201	1408
3.34318	583	198	208
3.34615	584	200	1408
3.35526	585	202	1408
3.35851	586	198	208
3.36148	587	200	1408
3.37059	588	202	1408
3.37432	589	199	208
3.38017	590	204	1408
3.3864	591	203	1408
3.393	592	202	208
3.39598	593	203	1408
3.40508	594	206	1408
3.40834	595	202	208
3.41131	596	204	1408
3.42041	597	206	1408
3.42702	598	206	208
3.42999	599	207	1408
3.43622	600	207	1408
3.44283	601	206	208
3.4458	602	207	1408
3.45203	603	207	1408
3.45816	604	206	208
3.46161	605	208	1408
3.47024	606	210	1408
3.47684	607	209	208
3.47982	608	211	1408
3.48604	609	211	1408
3.48978	610	207	208
3.49562	611	212	1408
3.50185	612	210	1408
3.50798	613	209	208
3.51143	614	212	1408
3.52006	615	214	1408
3.52379	616	210	208
3.52676	617	212	1408
3.53587	618	214	1408
3.54248	619	214	208
3.54545	620	216	1408
3.55168	621	215	1408
3.55781	622	213	208
3.56078	623	215	1408
3.56988	624	217	1408
3.57362	625	214	208
3.57946	626	219	1408
3.58569	627	218	1408
3.58942	628	215	208
3.59527	629	220	1408
3.60102	630	219	1408
3.60763	631	217	208
3.6106	632	219	1408
3.61683	633	218	1408
3.62344	634	218	208
3.62641	635	220	1408
3.63216	636	219	1408
3.63877	637	218	208
3.64174	638	220	1408
3.64797	639	219	1408
3.65458	640	219	208
3.65755	641	221	1408
3.6633	642	219	1408
3.66991	643	218	208
3.67288	644	220	1408
3.68199	645	222	1408
3.68572	646	219	208
3.68869	647	221	1408
3.6978	648	223	1408
3.70105	649	220	208
3.70402	650	222	1408
3.71313	651	223	1408
3.71686	652	219	208
3.71983	653	221	1408
3.72894	654	223	1408
3.73219	655	220	208
3.73852	656	225	1408
3.74427	657	224	1408
3.748	658	221	208
3.75097	659	222	1408
3.76008	660	225	1408
3.76333	661	220	208
3.76678	662	222	1408
3.77541	663	224	1408
3.77914	664	221	208
3.78211	665	223	1408
3.79122	666	225	1408
3.79782	667	224	208
3.8008	668	226	1408
3.80655	669	225	1408
3.81028	670	222	208
3.81613	671	226	1408
3.82236	672	225	1408
3.82896	673	224	208
3.83194	674	226	1408
3.83769	675	225	1408
3.8443	676	225	208
3.84727	677	227	1408
3.8535	678	226	1408
3.8601	679	226	208
3.86308	680	228	1408
3.86883	681	225	1408
3.87544	682	225	208
3.87841	683	227	1408
3.88464	684	226	1408
3.88789	685	222	208
3.89422	686	228	1408
3.89997	687	226	1408
3.9037	688	223	208
3.90955	689	228	1408
3.91578	690	227	1408
3.91903	691	223	208
3.92536	692	228	1408
3.93111	693	227	1408
3.93772	694	226	208
3.94069	695	228	1408
3.94692	696	227	1408
3.95352	697	227	208
3.9565	698	229	1408
3.96225	699	228	1408
3.96886	700	226	208
3.97183	701	228	1408
3.97806	702	228	1408
3.98466	703	227	208
3.98764	704	229	1408
3.99386	705	228	1408
4	706	227	208
4.00297	707	229	1408
4.0092	708	229	1408
4.0158	709	228	208
4.01878	710	230	1408
4.02453	711	228	1408
4.02826	712	225	208
4.03411	713	230	1408
4.04034	714	229	1408
4.04359	715	225	208
4.04656	716	227	1408
4.05567	717	229	1408
4.0594	718	226	208
4.06525	719	231	1408
4.07148	720	229	1408
4.07473	721	225	208
4.08106	722	231	1408
4.08681	723	229	1408
4.09054	724	226	208
4.09639	725	231	1408
4.10262	726	230	1408
4.10587	727	226	208
4.10884	728	228	1408
4.11795	729	230	1408
4.12168	730	226	208
4.12753	731	231	1408
4.13376	732	230	1408
4.13701	733	227	208
4.14046	734	229	1408
4.14909	735	231	1408
4.15282	736	227	208
4.15579	737	229	1408
4.16154	738	228	1408
4.16815	739	228	208
4.1716	740	229	1408
4.18023	741	231	1408
4.18396	742	227	208
4.18693	743	229	1408
4.19268	744	228	1408
4.19929	745	228	208
4.20226	746	230	1408
4.20849	747	229	1408
4.2151	748	229	208
4.21807	749	231	1408
4.22382	750	228	1408
4.23043	751	228	208
4.2334	752	230	1408
4.23963	753	229	1408
4.24624	754	229	208
4.24921	755	231	1408
4.25496	756	229	1408
4.26157	757	229	208
4.26454	758	231	1408
4.27077	759	230	1408
4.27738	760	229	208
4.28035	761	231	1408
4.2861	762	230	1408
4.29271	763	229	208
4.29568	764	231	1408
4.29856	765	227	1408
4.29894	766	220	208
4.30191	767	222	1408
4.30479	768	218	1408
4.30852	769	215	208
4.31149	770	216	1408
4.31724	771	215	1408
4.32385	772	214	208
4.32682	773	216	1408
4.33305	774	216	1408
4.33678	775	212	208
4.34263	776	217	1408
4.34838	777	216	1408
4.35212	778	213	208
4.35509	779	215	1408
4.36419	780	216	1408
4.36745	781	212	208
4.3709	782	214	1408
4.37952	783	216	1408
4.38326	784	213	208
4.38623	785	215	1408
4.39533	786	217	1408
4.39859	787	213	208
4.40156	788	215	1408
4.40779	789	214	1408
4.4144	790	213	208
4.41737	791	215	1408
4.42647	792	217	1408
4.42973	793	213	208
4.4327	794	215	1408
4.43893	795	214	1408
4.44554	796	214	208
4.44851	797	216	1408
4.45426	798	215	1408
4.46087	799	213	208
4.46384	800	215	1408
4.47007	801	215	1408
4.47332	802	213	208
4.4763	803	215	1408
4.4854	804	218	1408
4.48913	805	216	208
4.4921	806	218	1408
4.49786	807	218	1408
4.50159	808	216	208
4.50456	809	218	1408
4.51031	810	219	1408
4.51404	811	217	208
4.51989	812	221	1408
4.52612	813	222	1408
4.52938	814	220	208
4.53235	815	222	1408
4.53858	816	222	1408
4.54183	817	219	208
4.5448	818	222	1408
4.55103	819	223	1408
4.55141	820	217	208
4.55438	821	219	1408
4.56014	822	220	1408
4.56387	823	217	208
4.56684	824	219	1408
4.57259	825	220	1408
4.57632	826	218	208
4.5793	827	220	1408
4.58505	828	220	1408
4.58878	829	218	208
4.59463	830	223	1408
4.60086	831	223	1408
4.60411	832	222	208
4.60708	833	224	1408
4.61331	834	224	1408
4.61657	835	222	208
4.61954	836	224	1408
4.62577	837	224	1408
4.62902	838	223	208
4.63535	839	228	1408
4.6411	840	228	1408
4.64148	841	223	208
4.6478	842	228	1408
4.65356	843	228	1408
4.65729	844	223	208
4.66026	845	226	1408
4.66936	846	229	1408
4.67262	847	223	208
4.67559	848	226	1408
4.6847	849	228	1408
4.68843	850	223	208
4.6914	851	226	1408
4.69715	852	226	1408
4.70376	853	226	208
4.70673	854	229	1408
4.71296	855	225	1408
4.71957	856	223	208
4.72254	857	226	1408
4.72829	858	226	1408
4.73202	859	223	208
4.735	860	225	1408
4.7441	861	226	1408
4.74736	862	223	208
4.75033	863	226	1408
4.75943	864	226	1408
4.76316	865	223	208
4.76614	866	225	1408
4.77524	867	225	1408
4.78185	868	222	208
4.78482	869	223	1408
4.79057	870	220	1408
4.79718	871	218	208
4.80015	872	219	1408
4.80638	873	216	1408
4.80964	874	210	208
4.81596	875	215	1408
4.82171	876	212	1408
4.82832	877	210	208
4.83129	878	211	1408
4.8404	879	212	1408
4.84413	880	207	208
4.8471	881	208	1408
4.8562	882	209	1408
4.85946	883	203	208
4.86243	884	205	1408
4.87154	885	205	1408
4.87527	886	201	208
4.88112	887	205	1408
4.88734	888	203	1408
4.8906	889	200	208
4.89357	890	202	1408
4.90268	891	204	1408
4.90641	892	202	208
4.90938	893	204	1408
4.91513	894	203	1408
4.92174	895	203	208
4.92471	896	205	1408
4.93094	897	205	1408
4.9342	898	202	208
4.93717	899	204	1408
4.9434	900	204	1408
4.94665	901	201	208
4.95298	902	206	1408
4.95873	903	205	1408
4.96246	904	203	208
4.96543	905	205	1408
4.97118	906	204	1408
4.97779	907	204	208
4.98076	908	206	1408
4.98699	909	206	1408
4.99025	910	203	208
4.99657	911	208	1408
5.00232	912	208	1408
5.00606	913	206	208
5.0119	914	210	1408
5.01813	915	210	1408
5.02474	916	210	208
5.02771	917	212	1408
5.03682	918	215	1408
5.04007	919	212	208
5.04304	920	214	1408
5.05215	921	217	1408
5.05588	922	213	208
5.06173	923	218	1408
5.06796	924	218	1408
5.07456	925	219	208
5.07754	926	221	1408
5.08329	927	220	1408
5.0899	928	220	208
5.09287	929	222	1408
5.0991	930	223	1408
5.1057	931	222	208
5.11155	932	227	1408
5.11778	933	227	1408
5.12104	934	224	208
5.12401	935	226	1408
5.13024	936	226	1408
5.13684	937	226	208
5.13982	938	228	1408
5.14557	939	227	1408
5.1493	940	225	208
5.15227	941	227	1408
5.1585	942	227	1408
5.16463	943	226	208
5.1676	944	228	1408
5.17383	945	228	1408
5.17756	946	225	208
5.18341	947	230	1408
5.18916	948	230	1408
5.1929	949	227	208
5.19587	950	229	1408
5.20162	951	228	1408
5.20535	952	226	208
5.2112	953	231	1408
5.21743	954	231	1408
5.22068	955	227	208
5.22366	956	229	1408
5.22988	957	229	1408
5.23314	958	226	208
5.23611	959	229	1408
5.24522	960	231	1408
5.24895	961	228	208
5.25192	962	230	1408
5.25767	963	229	1408
5.2614	964	227	208
5.26438	965	229	1408
5.27348	966	232	1408
5.27674	967	228	208
5.27971	968	230	1408
5.28881	969	233	1408
5.29254	970	231	208
5.29552	971	233	1408
5.30127	972	232	1408
5.305	973	230	208
5.30797	974	231	1408
5.31708	975	234	1408
5.32368	976	234	208
5.32666	977	236	1408
5.33241	978	236	1408
5.33614	979	233	208
5.34199	980	237	1408
5.34486	981	234	1408
5.3486	982	232	208
5.35444	983	237	1408
5.36067	984	236	1408
5.36393	985	233	208
5.3669	986	235	1408
5.376	987	238	1408
5.38261	988	238	208
5.38606	989	241	1408
5.39181	990	240	1408
5.39554	991	237	208
5.39852	992	239	1408
5.40427	993	239	1408
5.408	994	237	208
5.41097	995	238	1408
5.42008	996	241	1408
5.42333	997	238	208
5.4263	998	240	1408
5.43253	999	239	1408
5.43866	1000	239	208
5.44164	1001	241	1408
5.44499	1002	238	1408
5.4516	1003	238	208
5.45457	1004	240	1408
5.4632	1005	243	1408
5.46405	1006	238	208
5.46702	1007	240	1408
5.47565	1008	241	1408
5.47938	1009	239	208
5.48523	1010	244	1408
5.48858	1011	241	1408
5.49472	1012	240	208
5.49769	1013	242	1408
5.50104	1014	240	1408
5.50717	1015	239	208
5.51062	1016	241	1408
5.51637	1017	241	1408
5.5201	1018	239	208
5.52308	1019	241	1408
5.5317	1020	242	1408
5.53256	1021	237	208
5.53553	1022	239	1408
5.54416	1023	242	1408
5.54789	1024	238	208
5.55086	1025	240	1408
5.55662	1026	240	1408
5.56035	1027	237	208
5.56332	1028	239	1408
5.57242	1029	242	1408
5.57568	1030	239	208
5.57865	1031	241	1408
5.58488	1032	240	1408
5.58814	1033	238	208
5.59111	1034	240	1408
5.59734	1035	240	1408
5.60107	1036	237	208
5.60692	1037	241	1408
5.61267	1038	241	1408
5.6164	1039	238	208
5.61937	1040	241	1408
5.62512	1041	240	1408
5.62886	1042	237	208
5.63183	1043	239	1408
5.6347	1044	235	1408
5.63508	1045	230	208
5.63806	1046	232	1408
5.64428	1047	232	1408
5.65042	1048	231	208
5.65386	1049	233	1408
5.65962	1050	233	1408
5.66335	1051	230	208
5.66632	1052	233	1408
5.67207	1053	232	1408
5.6758	1054	229	208
5.68165	1055	234	1408
5.68788	1056	231	1408
5.69114	1057	229	208
5.69698	1058	233	1408
5.70321	1059	234	1408
5.70647	1060	230	208
5.70944	1061	232	1408
5.71567	1062	232	1408
5.7194	1063	229	208
5.72237	1064	232	1408
5.731	1065	234	1408
5.73473	1066	231	208
5.7377	1067	233	1408
5.74393	1068	232	1408
5.75006	1069	233	208
5.75304	1070	235	1408
5.75926	1071	235	1408
5.76252	1072	229	208
5.76549	1073	232	1408
5.77172	1074	231	1408
5.77545	1075	229	208
5.77842	1076	231	1408
5.78705	1077	232	1408
5.79078	1078	229	208
5.79663	1079	234	1408
5.79998	1080	231	1408
5.80324	1081	228	208
5.80909	1082	233	1408
5.81244	1083	230	1408
5.81857	1084	230	208
5.82154	1085	232	1408
5.8249	1086	228	1408
5.83103	1087	229	208
5.834	1088	231	1408
5.8431	1089	234	1408
5.84396	1090	227	208
5.84693	1091	229	1408
5.85556	1092	232	1408
5.85929	1093	229	208
5.86226	1094	231	1408
5.86802	1095	231	1408
5.87462	1096	231	208
5.8776	1097	233	1408
5.88095	1098	229	1408
5.88708	1099	230	208
5.89005	1100	232	1408
5.8934	1101	229	1408
5.89666	1102	225	208
5.89963	1103	227	1408
5.90538	1104	227	1408
5.91199	1105	226	208
5.91496	1106	228	1408
5.91832	1107	226	1408
5.92445	1108	226	208
5.92742	1109	228	1408
5.93365	1110	227	1408
5.9369	1111	224	208
5.93988	1112	226	1408
5.94898	1113	229	1408
5.95271	1114	226	208
5.95568	1115	229	1408
5.96191	1116	228	1408
5.96517	1117	226	208
5.96814	1118	228	1408
5.97437	1119	228	1408
5.9805	1120	227	208
5.98347	1121	230	1408
5.9897	1122	229	1408
5.99296	1123	226	208
5.9964	1124	229	1408
6.00216	1125	229	1408
6.00589	1126	226	208
6.01174	1127	231	1408
6.01796	1128	230	1408
6.02122	1129	228	208
6.02419	1130	230	1408
6.02994	1131	229	1408
6.03368	1132	227	208
6.03665	1133	229	1408
6.04288	1134	228	1408
6.04901	1135	229	208
6.05198	1136	230	1408
6.06108	1137	234	1408
6.06194	1138	228	208
6.06491	1139	230	1408
6.07354	1140	232	1408
6.0744	1141	227	208
6.08024	1142	232	1408
6.086	1143	231	1408
6.08685	1144	226	208
6.0927	1145	231	1408
6.09893	1146	230	1408
6.10218	1147	228	208
6.10803	1148	233	1408
6.11138	1149	230	1408
6.11752	1150	230	208
6.12049	1151	232	1408
6.12672	1152	231	1408
6.12997	1153	228	208
6.13294	1154	230	1408
6.14205	1155	234	1408
6.1429	1156	228	208
6.14588	1157	230	1408
6.1545	1158	232	1408
6.15536	1159	227	208
6.15833	1160	229	1408
6.16408	1161	229	1408
6.16782	1162	226	208
6.17366	1163	231	1408
6.17942	1164	230	1408
6.18315	1165	228	208
6.18612	1166	230	1408
6.19187	1167	229	1408
6.1956	1168	227	208
6.19858	1169	229	1408
6.2048	1170	229	1408
6.21094	1171	228	208
6.21391	1172	230	1408
6.22014	1173	231	1408
6.22339	1174	228	208
6.22636	1175	230	1408
6.23259	1176	230	1408
6.23585	1177	226	208
6.24217	1178	232	1408
6.24792	1179	231	1408
6.24878	1180	226	208
6.25463	1181	231	1408
6.26038	1182	231	1408
6.26411	1183	228	208
6.26708	1184	230	1408
6.27284	1185	229	1408
6.27944	1186	230	208
6.28242	1187	232	1408
6.28577	1188	229	1408
6.2919	1189	228	208
6.29487	1190	230	1408
6.3011	1191	231	1408
6.30436	1192	228	208
6.3078	1193	230	1408
6.31643	1194	233	1408
6.32016	1195	230	208
6.32314	1196	232	1408
6.32889	1197	231	1408
6.33262	1198	229	208
6.33847	1199	234	1408
6.34182	1200	231	1408
6.34795	1201	230	208
6.35092	1202	232	1408
6.35428	1203	230	1408
6.36041	1204	230	208
6.36338	1205	232	1408
6.36961	1206	232	1408
6.37334	1207	229	208
6.37631	1208	232	1408
6.38206	1209	231	1408
6.3858	1210	228	208
6.38877	1211	230	1408
6.3974	1212	233	1408
6.40113	1213	230	208
6.4041	1214	233	1408
6.40985	1215	231	1408
6.41358	1216	229	208
6.41656	1217	231	1408
6.42278	1218	231	1408
6.42604	1219	229	208
6.42901	1220	231	1408
6.43476	1221	229	1408
6.44137	1222	230	208
6.44434	1223	232	1408
6.4477	1224	229	1408
6.45383	1225	229	208
6.4568	1226	231	1408
6.46015	1227	229	1408
6.46628	1228	228	208
6.46973	1229	230	1408
6.47836	1230	233	1408
6.47922	1231	228	208
6.48219	1232	230	1408
6.49082	1233	232	1408
6.49167	1234	227	208
6.49752	1235	232	1408
6.50327	1236	232	1408
6.507	1237	229	208
6.50998	1238	231	1408
6.5162	1239	231	1408
6.51946	1240	228	208
6.52531	1241	233	1408
6.52866	1242	230	1408
6.53479	1243	230	208
6.53776	1244	232	1408
6.54399	1245	232	1408
6.54725	1246	230	208
6.55022	1247	232	1408
6.55932	1248	234	1408
6.56018	1249	229	208
6.56315	1250	231	1408
6.5689	1251	230	1408
6.57551	1252	231	208
6.57848	1253	233	1408
6.58424	1254	233	1408
6.58797	1255	230	208
6.59094	1256	232	1408
6.59669	1257	232	1408
6.6033	1258	232	208
6.60627	1259	234	1408
6.6125	1260	234	1408
6.61576	1261	231	208
6.61873	1262	233	1408
6.62496	1263	233	1408
6.62821	1264	231	208
6.63118	1265	233	1408
6.63741	1266	233	1408
6.64114	1267	230	208
6.64412	1268	232	1408
6.64987	1269	231	1408
6.6536	1270	229	208
6.65945	1271	234	1408
6.6652	1272	234	1408
6.66893	1273	231	208
6.6719	1274	233	1408
6.67766	1275	233	1408
6.68139	1276	230	208
6.68436	1277	233	1408
6.69059	1278	232	1408
6.69384	1279	229	208
6.69969	1280	234	1408
6.70592	1281	234	1408
6.70918	1282	232	208
6.71215	1283	234	1408
6.71838	1284	234	1408
6.72163	1285	231	208
6.7246	1286	233	1408
6.73083	1287	232	1408
6.73409	1288	230	208
6.74041	1289	235	1408
6.74616	1290	235	1408
6.74702	1291	230	208
6.75287	1292	234	1408
6.75862	1293	234	1408
6.75948	1294	229	208
6.76532	1295	234	1408
6.77108	1296	234	1408
6.77481	1297	230	208
6.77778	1298	232	1408
6.78401	1299	233	1408
6.79014	1300	233	208
6.79311	1301	235	1408
6.79934	1302	235	1408
6.8026	1303	232	208
6.80557	1304	234	1408
6.8118	1305	234	1408
6.81505	1306	231	208
6.8185	1307	233	1408
6.82713	1308	236	1408
6.82798	1309	230	208
6.83096	1310	232	1408
6.83671	1311	232	1408
6.84044	1312	230	208
6.84629	1313	235	1408
6.85204	1314	235	1408
6.85577	1315	231	208
6.85874	1316	234	1408
6.86497	1317	233	1408
6.86823	1318	231	208
6.87408	1319	236	1408
6.87743	1320	233	1408
6.88356	1321	233	208
6.88653	1322	235	1408
6.88988	1323	232	1408
6.89602	1324	233	208
6.89899	1325	234	1408
6.90522	1326	234	1408
6.90847	1327	231	208
6.91192	1328	233	1408
6.91767	1329	233	1408
6.9214	1330	231	208
6.92438	1331	233	1408
6.933	1332	236	1408
6.93386	1333	230	208
6.93683	1334	232	1408
6.94546	1335	235	1408
6.94632	1336	230	208
6.94929	1337	232	1408
6.95792	1338	233	1408
6.96452	1339	234	208
6.9675	1340	236	1408
6.97085	1341	233	1408
6.97698	1342	233	208
6.97995	1343	235	1408
6.9833	1344	233	1408
6.98944	1345	233	208
6.99241	1346	235	1408
6.99576	1347	232	1408
7.00189	1348	232	208
7.00486	1349	234	1408
7.01109	1350	235	1408
7.01482	1351	232	208
7.0178	1352	234	1408
7.02642	1353	237	1408
7.02728	1354	232	208
7.03025	1355	234	1408
7.03888	1356	236	1408
7.03974	1357	231	208
7.04271	1358	233	1408
7.05134	1359	236	1408
7.05507	1360	233	208
7.05804	1361	236	1408
7.06427	1362	235	1408
7.06752	1363	232	208
7.07337	1364	237	1408
7.07672	1365	234	1408
7.08286	1366	234	208
7.08583	1367	236	1408
7.09206	1368	237	1408
7.09531	1369	234	208
7.09828	1370	236	1408
7.10164	1371	233	1408
7.10777	1372	233	208
7.11074	1373	235	1408
7.11697	1374	235	1408
7.12022	1375	233	208
7.12367	1376	235	1408
7.12942	1377	235	1408
7.13316	1378	233	208
7.13613	1379	235	1408
7.14476	1380	237	1408
7.14849	1381	235	208
7.15146	1382	237	1408
7.15721	1383	237	1408
7.16094	1384	233	208
7.16392	1385	236	1408
7.17014	1386	236	1408
7.1734	1387	233	208
7.17637	1388	235	1408
7.1826	1389	235	1408
7.18586	1390	232	208
7.1917	1391	237	1408
7.19793	1392	237	1408
7.20119	1393	235	208
7.20416	1394	237	1408
7.21039	1395	237	1408
7.21364	1396	234	208
7.21662	1397	236	1408
7.22284	1398	236	1408
7.2261	1399	234	208
7.22955	1400	236	1408
7.23818	1401	239	1408
7.23903	1402	234	208
7.24488	1403	238	1408
7.25063	1404	238	1408
7.25149	1405	233	208
7.25734	1406	238	1408
7.26309	1407	238	1408
7.26682	1408	234	208
7.26979	1409	237	1408
7.27554	1410	238	1408
7.2764	1411	234	208
7.27937	1412	236	1408
7.288	1413	238	1408
7.29173	1414	237	208
7.2947	1415	239	1408
7.30046	1416	238	1408
7.30419	1417	238	208
7.30716	1418	240	1408
7.31291	1419	238	1408
7.31664	1420	235	208
7.31962	1421	238	1408
7.32584	1422	238	1408
7.33198	1423	235	208
7.33495	1424	238	1408
7.34118	1425	240	1408
7.34443	1426	236	208
7.3474	1427	239	1408
7.35363	1428	240	1408
7.35736	1429	236	208
7.36034	1430	239	1408
7.36609	1431	238	1408
7.36934	1432	235	208
7.37232	1433	238	1408
7.38142	1434	238	1408
7.38228	1435	235	208
7.38525	1436	237	1408
7.39388	1437	238	1408
7.39473	1438	232	208
7.3977	1439	235	1408
7.40633	1440	238	1408
7.41006	1441	238	208
7.41304	1442	240	1408
7.41926	1443	239	1408
7.42252	1444	235	208
7.42549	1445	238	1408
7.43172	1446	238	1408
7.43498	1447	235	208
7.43795	1448	238	1408
7.44418	1449	238	1408
7.45031	1450	236	208
7.45328	1451	239	1408
7.45951	1452	238	1408
7.46324	1453	236	208
7.46621	1454	239	1408
7.47196	1455	237	1408
7.4757	1456	235	208
7.47867	1457	238	1408
7.48442	1458	238	1408
7.48815	1459	236	208
7.49112	1460	239	1408
7.49975	1461	238	1408
7.50348	1462	235	208
7.50646	1463	238	1408
7.51268	1464	238	1408
7.51594	1465	235	208
7.51891	1466	238	1408
7.52514	1467	239	1408
7.5284	1468	236	208
7.53137	1469	239	1408
7.5376	1470	238	1408
7.54373	1471	235	208
7.5467	1472	238	1408
7.55005	1473	236	1408
7.55618	1474	236	208
7.55916	1475	239	1408
7.56251	1476	235	1408
7.56864	1477	235	208
7.57161	1478	238	1408
7.57496	1479	235	1408
7.5811	1480	234	208
7.58454	1481	236	1408
7.5903	1482	234	1408
7.5969	1483	232	208
7.60275	1484	237	1408
7.6061	1485	233	1408
7.61224	1486	230	208
7.61568	1487	232	1408
7.62431	1488	233	1408
7.62804	1489	229	208
7.63102	1490	231	1408
7.63724	1491	229	1408
7.64338	1492	226	208
7.64682	1493	228	1408
7.65545	1494	229	1408
7.65918	1495	225	208
7.66216	1496	227	1408
7.66838	1497	225	1408
7.67452	1498	223	208
7.67749	1499	224	1408
7.68372	1500	222	1408
7.68745	1501	218	208
7.69042	1502	220	1408
7.69952	1503	221	1408
7.70566	1504	219	208
7.70863	1505	221	1408
7.71486	1506	221	1408
7.71811	1507	219	208
7.72156	1508	221	1408
7.72731	1509	221	1408
7.73057	1510	218	208
7.73402	1511	221	1408
7.73977	1512	220	1408
7.7435	1513	218	208
7.74647	1514	220	1408
7.7551	1515	223	1408
7.75596	1516	217	208
7.75893	1517	219	1408
7.76756	1518	222	1408
7.77129	1519	219	208
7.77426	1520	222	1408
7.78001	1521	222	1408
7.78374	1522	218	208
7.78672	1523	221	1408
7.79294	1524	220	1408
7.79908	1525	221	208
7.80205	1526	223	1408
7.8054	1527	220	1408
7.81153	1528	220	208
7.8145	1529	222	1408
7.81786	1530	219	1408
7.82399	1531	219	208
7.82696	1532	221	1408
7.83319	1533	222	1408
7.83644	1534	219	208
7.83989	1535	221	1408
7.84564	1536	221	1408
7.8489	1537	218	208
7.85187	1538	220	1408
7.86098	1539	223	1408
7.86471	1540	221	208
7.86768	1541	223	1408
7.87391	1542	223	1408
7.88004	1543	224	208
7.88301	1544	226	1408
7.88924	1545	226	1408
7.8925	1546	223	208
7.89547	1547	225	1408
7.90457	1548	228	1408
7.9083	1549	226	208
7.91128	1550	228	1408
7.9175	1551	228	1408
7.92364	1552	228	208
7.92661	1553	230	1408
7.93284	1554	230	1408
7.93609	1555	228	208
7.93906	1556	230	1408
7.94529	1557	230	1408
7.94855	1558	227	208
7.95152	1559	229	1408
7.96062	1560	232	1408
7.96436	1561	230	208
7.96733	1562	232	1408
7.97308	1563	232	1408
7.97681	1564	229	208
7.98266	1565	234	1408
7.98889	1566	234	1408
7.99214	1567	232	208
7.99512	1568	234	1408
8.00134	1569	234	1408
8.0046	1570	231	208
8.00757	1571	233	1408
8.0138	1572	233	1408
8.01706	1573	231	208
8.02003	1574	233	1408
8.02626	1575	233	1408
8.02951	1576	230	208
8.03248	1577	232	1408
8.03871	1578	232	1408
8.04197	1579	229	208
8.04829	1580	235	1408
8.05117	1581	232	1408
8.05442	1582	229	208
8.06075	1583	234	1408
8.0665	1584	234	1408
8.07023	1585	232	208
8.0732	1586	234	1408
8.07896	1587	233	1408
8.08269	1588	230	208
8.08566	1589	233	1408
8.09141	1590	233	1408
8.09514	1591	230	208
8.09812	1592	233	1408
8.10387	1593	231	1408
8.1076	1594	229	208
8.11057	1595	232	1408
8.11968	1596	234	1408
8.12293	1597	231	208
8.1259	1598	233	1408
8.13213	1599	234	1408
8.13539	1600	231	208
8.13836	1601	233	1408
8.14746	1602	236	1408
8.1512	1603	234	208
8.15417	1604	236	1408
8.15992	1605	235	1408
8.16365	1606	233	208
8.16662	1607	235	1408
8.17238	1608	235	1408
8.17611	1609	233	208
8.17908	1610	235	1408
8.18483	1611	234	1408
8.19144	1612	235	208
8.19441	1613	237	1408
8.20064	1614	237	1408
8.2039	1615	234	208
8.20687	1616	236	1408
8.2131	1617	237	1408
8.21635	1618	234	208
8.21932	1619	236	1408
8.22843	1620	239	1408
8.23216	1621	236	208
8.23513	1622	239	1408
8.24088	1623	238	1408
8.24462	1624	235	208
8.24759	1625	238	1408
8.25669	1626	240	1408
8.25995	1627	237	208
8.26292	1628	240	1408
8.26915	1629	239	1408
8.2724	1630	235	208
8.27538	1631	238	1408
8.2816	1632	238	1408
8.28486	1633	232	208
8.28783	1634	235	1408
8.29406	1635	236	1408
8.29732	1636	232	208
8.30029	1637	235	1408
8.30939	1638	237	1408
8.31312	1639	235	208
8.3161	1640	238	1408
8.32185	1641	236	1408
8.32558	1642	234	208
8.32855	1643	236	1408
8.3343	1644	236	1408
8.33804	1645	234	208
8.34101	1646	236	1408
8.34676	1647	235	1408
8.35049	1648	232	208
8.35346	1649	235	1408
8.35922	1650	235	1408
8.36582	1651	234	208
8.3688	1652	237	1408
8.37502	1653	237	1408
8.37828	1654	234	208
8.38125	1655	237	1408
8.38748	1656	236	1408
8.39074	1657	233	208
8.39371	1658	235	1408
8.39994	1659	235	1408
8.40319	1660	233	208
8.40616	1661	235	1408
8.41527	1662	238	1408
8.41565	1663	232	208
8.4191	1664	235	1408
8.42772	1665	237	1408
8.42858	1666	232	208
8.43443	1667	237	1408
8.44018	1668	237	1408
8.44391	1669	234	208
8.44688	1670	236	1408
8.45264	1671	235	1408
8.45637	1672	232	208
8.45934	1673	235	1408
8.46509	1674	235	1408
8.46882	1675	231	208
8.4718	1676	234	1408
8.47802	1677	234	1408
8.48128	1678	231	208
8.48425	1679	234	1408
8.49336	1680	236	1408
8.49374	1681	229	208
8.49671	1682	232	1408
8.49958	1683	229	1408
8.49996	1684	222	208
8.50294	1685	225	1408
8.50581	1686	221	1408
8.50619	1687	216	208
8.50916	1688	219	1408
8.51492	1689	216	1408
8.51865	1690	213	208
8.52162	1691	216	1408
8.52737	1692	216	1408
8.5311	1693	213	208
8.53408	1694	216	1408
8.53983	1695	213	1408
8.54356	1696	210	208
8.54653	1697	213	1408
8.55564	1698	216	1408
8.55889	1699	212	208
8.56186	1700	215	1408
8.56809	1701	215	1408
8.57135	1702	212	208
8.57432	1703	215	1408
8.58055	1704	214	1408
8.5838	1705	211	208
8.58678	1706	213	1408
8.593	1707	214	1408
8.59626	1708	210	208
8.59923	1709	213	1408
8.60834	1710	216	1408
8.61207	1711	213	208
8.61504	1712	216	1408
8.62079	1713	214	1408
8.62452	1714	212	208
8.6275	1715	215	1408
8.63325	1716	214	1408
8.63698	1717	211	208
8.63995	1718	213	1408
8.6457	1719	213	1408
8.64944	1720	211	208
8.65528	1721	216	1408
8.66151	1722	216	1408
8.66189	1723	210	208
8.66774	1724	215	1408
8.67397	1725	215	1408
8.67722	1726	213	208
8.6802	1727	215	1408
8.68642	1728	215	1408
8.68968	1729	212	208
8.69265	1730	214	1408
8.69888	1731	213	1408
8.70214	1732	211	208
8.70511	1733	214	1408
8.71421	1734	216	1408
8.71459	1735	210	208
8.72092	1736	215	1408
8.72667	1737	215	1408
8.7304	1738	213	208
8.73337	1739	215	1408
8.73912	1740	215	1408
8.7395	1741	209	208
8.74248	1742	211	1408
8.74535	1743	208	1408
8.74908	1744	206	208
8.75206	1745	208	1408
8.75781	1746	207	1408
8.76154	1747	205	208
8.76451	1748	207	1408
8.77026	1749	207	1408
8.774	1750	204	208
8.77697	1751	206	1408
8.78272	1752	206	1408
8.78645	1753	204	208
8.78942	1754	206	1408
8.79565	1755	206	1408
8.80178	1756	206	208
8.80476	1757	208	1408
8.81098	1758	208	1408
8.81424	1759	206	208
8.81721	1760	208	1408
8.82344	1761	208	1408
8.8267	1762	205	208
8.82967	1763	207	1408
8.8359	1764	207	1408
8.83915	1765	205	208
8.84212	1766	207	1408
8.84835	1767	207	1408
8.85161	1768	204	208
8.85793	1769	209	1408
8.86368	1770	209	1408
8.86742	1771	207	208
8.87039	1772	209	1408
8.87614	1773	209	1408
8.87987	1774	206	208
8.88284	1775	208	1408
8.8886	1776	208	1408
8.89233	1777	206	208
8.8953	1778	208	1408
8.90105	1779	208	1408
8.90478	1780	205	208
8.90776	1781	207	1408
8.91351	1782	207	1408
8.91724	1783	205	208
8.92021	1784	207	1408
8.92932	1785	210	1408
8.9297	1786	204	208
8.93554	1787	209	1408
8.94177	1788	209	1408
8.94503	1789	207	208
8.948	1790	209	1408
8.95423	1791	209	1408
8.95748	1792	206	208
8.96046	1793	208	1408
8.96668	1794	208	1408
8.96994	1795	205	208
8.97291	1796	207	1408
8.97914	1797	208	1408
8.97952	1798	201	208
8.98249	1799	204	1408
8.98824	1800	204	1408
8.99198	1801	200	208
8.99495	1802	203	1408
9.00405	1803	206	1408
9.00731	1804	203	208
9.01028	1805	205	1408
9.01651	1806	205	1408
9.01976	1807	202	208
9.02274	1808	204	1408
9.02896	1809	204	1408
9.03222	1810	202	208
9.03519	1811	204	1408
9.04142	1812	204	1408
9.04468	1813	201	208
9.04812	1814	204	1408
9.05388	1815	203	1408
9.06048	1816	204	208
9.06346	1817	206	1408
9.06921	1818	206	1408
9.07294	1819	203	208
9.07591	1820	205	1408
9.08166	1821	205	1408
9.0854	1822	203	208
9.08837	1823	205	1408
9.09412	1824	205	1408
9.09785	1825	202	208
9.10082	1826	204	1408
9.10658	1827	204	1408
9.11031	1828	202	208
9.11328	1829	205	1408
9.11903	1830	205	1408
9.12276	1831	202	208
9.12574	1832	204	1408
9.13149	1833	204	1408
9.13522	1834	202	208
9.14107	1835	207	1408
9.14394	1836	203	1408
9.14768	1837	201	208
9.15352	1838	206	1408
9.15975	1839	206	1408
9.16301	1840	204	208
9.16598	1841	205	1408
9.17221	1842	206	1408
9.17546	1843	203	208
9.17844	1844	205	1408
9.18466	1845	205	1408
9.18792	1846	202	208
9.19089	1847	205	1408
9.19712	1848	206	1408
9.20038	1849	203	208
9.20335	1850	205	1408
9.20958	1851	205	1408
9.21283	1852	202	208
9.2158	1853	204	1408
9.22203	1854	205	1408
9.22529	1855	202	208
9.22826	1856	204	1408
9.23449	1857	204	1408
9.23774	1858	201	208
9.24119	1859	204	1408
9.24694	1860	203	1408
9.2502	1861	201	208
9.25652	1862	206	1408
9.2594	1863	204	1408
9.26266	1864	201	208
9.26898	1865	206	1408
9.27186	1866	203	1408
9.27511	1867	201	208
9.28144	1868	206	1408
9.28719	1869	206	1408
9.29092	1870	203	208
9.29389	1871	205	1408
9.29964	1872	205	1408
9.30338	1873	203	208
9.30635	1874	205	1408
9.3121	1875	205	1408
9.31583	1876	202	208
9.3188	1877	204	1408
9.32456	1878	204	1408
9.32829	1879	203	208
9.33126	1880	205	1408
9.33701	1881	205	1408
9.34074	1882	202	208
9.34372	1883	204	1408
9.34947	1884	204	1408
9.3532	1885	202	208
9.35905	1886	207	1408
9.36192	1887	203	1408
9.36566	1888	201	208
9.3715	1889	206	1408
9.37773	1890	206	1408
9.38099	1891	203	208
9.38396	1892	205	1408
9.39019	1893	206	1408
9.39344	1894	203	208
9.39642	1895	206	1408
9.40264	1896	206	1408
9.4059	1897	203	208
9.40887	1898	205	1408
9.4151	1899	206	1408
9.41836	1900	203	208
9.42133	1901	205	1408
9.42756	1902	205	1408
9.43081	1903	202	208
9.43378	1904	204	1408
9.44001	1905	205	1408
9.44327	1906	202	208
9.44624	1907	204	1408
9.45247	1908	205	1408
9.45572	1909	202	208
9.4587	1910	204	1408
9.46492	1911	204	1408
9.46818	1912	202	208
9.47115	1913	204	1408
9.47738	1914	204	1408
9.48064	1915	201	208
9.48696	1916	206	1408
9.49271	1917	206	1408
9.49309	1918	201	208
9.49942	1919	206	1408
9.50517	1920	206	1408
9.50555	1921	201	208
9.51187	1922	206	1408
9.51762	1923	206	1408
9.52136	1924	204	208
9.52433	1925	206	1408
9.53008	1926	206	1408
9.53381	1927	203	208
9.53678	1928	205	1408
9.54254	1929	205	1408
9.54627	1930	203	208
9.54924	1931	206	1408
9.55499	1932	205	1408
9.55872	1933	203	208
9.5617	1934	205	1408
9.56745	1935	205	1408
9.57118	1936	203	208
9.57415	1937	205	1408
9.5799	1938	204	1408
9.58364	1939	202	208
9.58661	1940	204	1408
9.59571	1941	207	1408
9.59609	1942	203	208
9.59906	1943	205	1408
9.60482	1944	204	1408
9.61142	1945	205	208
9.6144	1946	207	1408
9.62062	1947	207	1408
9.62388	1948	204	208
9.62685	1949	206	1408
9.63308	1950	207	1408
9.63634	1951	205	208
9.63931	1952	207	1408
9.64554	1953	207	1408
9.64879	1954	204	208
9.65176	1955	206	1408
9.65799	1956	206	1408
9.66125	1957	204	208
9.66422	1958	207	1408
9.67045	1959	207	1408
9.6737	1960	204	208
9.67668	1961	206	1408
9.6829	1962	206	1408
9.68616	1963	204	208
9.68913	1964	206	1408
9.69536	1965	207	1408
9.69862	1966	204	208
9.70159	1967	206	1408
9.70782	1968	206	1408
9.71107	1969	204	208
9.71404	1970	206	1408
9.72027	1971	206	1408
9.72353	1972	203	208
9.7265	1973	206	1408
9.7356	1974	209	1408
9.73934	1975	207	208
9.74231	1976	209	1408
9.74806	1977	209	1408
9.75179	1978	206	208
9.75476	1979	208	1408
9.76052	1980	209	1408
9.7609	1981	203	208
9.76722	1982	209	1408
9.77297	1983	208	1408
9.7767	1984	206	208
9.77968	1985	208	1408
9.78543	1986	208	1408
9.78916	1987	207	208
9.79213	1988	209	1408
9.79788	1989	208	1408
9.80162	1990	206	208
9.80459	1991	208	1408
9.81034	1992	208	1408
9.81407	1993	206	208
9.81704	1994	209	1408
9.8228	1995	208	1408
9.82653	1996	206	208
9.8295	1997	208	1408
9.83525	1998	208	1408
9.83898	1999	205	208
9.84196	2000	207	1408
9.84771	2001	208	1408
9.85144	2002	206	208
9.85441	2003	208	1408
9.86016	2004	208	1408
9.8639	2005	205	208
9.86687	2006	207	1408
9.87262	2007	207	1408
9.87635	2008	205	208
9.87932	2009	208	1408
9.88508	2010	208	1408
9.88881	2011	205	208
9.89178	2012	207	1408
9.89753	2013	207	1408
9.90126	2014	205	208
9.90711	2015	210	1408
9.90999	2016	207	1408
9.91372	2017	205	208
9.91669	2018	207	1408
9.92244	2019	207	1408
9.92618	2020	205	208
9.93202	2021	210	1408
9.9349	2022	206	1408
9.93863	2023	205	208
9.9416	2024	207	1408
9.94736	2025	207	1408
9.95109	2026	205	208
9.95694	2027	209	1408
9.95981	2028	206	1408
9.96354	2029	204	208
9.96652	2030	207	1408
9.97562	2031	210	1408
9.97888	2032	207	208
9.98185	2033	209	1408
9.98808	2034	210	1408
9.99133	2035	207	208
9.9943	2036	209	1408
10.0005	2037	210	1408
10.0038	2038	207	208
10.0068	2039	209	1408
10.013	2040	210	1408
10.0162	2041	210	208
10.0192	2042	212	1408
10.0221	2043	210	1408
10.0258	2044	209	208
10.0288	2045	211	1408
10.0345	2046	212	1408
10.0383	2047	211	208
10.0413	2048	214	1408
10.047	2049	215	1408
10.0474	2050	210	208
10.0504	2051	213	1408
10.0566	2052	214	1408
10.0598	2053	212	208
10.0628	2054	215	1408
10.069	2055	217	1408
10.0723	2056	215	208
10.0753	2057	218	1408
10.0781	2058	216	1408
10.0819	2059	214	208
10.0848	2060	217	1408
10.0906	2061	218	1408
10.0943	2062	217	208
10.0973	2063	219	1408
10.1031	2064	221	1408
10.1034	2065	216	208
10.1098	2066	221	1408
10.1126	2067	220	1408
10.1159	2068	218	208
10.1189	2069	220	1408
10.1251	2070	223	1408
10.1283	2071	221	208
10.1313	2072	223	1408
10.1342	2073	222	1408
10.1379	2074	220	208
10.1438	2075	225	1408
10.1467	2076	223	1408
10.1504	2077	223	208
10.1534	2078	225	1408
10.1591	2079	226	1408
10.1628	2080	225	208
10.1658	2081	227	1408
10.1716	2082	228	1408
10.1719	2083	222	208
10.1749	2084	225	1408
10.1811	2085	226	1408
10.1878	2086	226	208
10.1907	2087	229	1408
10.1936	2088	226	1408
10.2002	2089	223	208
10.2032	2090	226	1408
10.2089	2091	226	1408
10.2127	2092	225	208
10.2156	2093	228	1408
10.2185	2094	226	1408
10.2251	2095	223	208
10.2281	2096	226	1408
10.2338	2097	226	1408
10.2376	2098	225	208
10.2405	2099	228	1408
10.2463	2100	229	1408
10.25	2101	223	208
10.253	2102	226	1408
10.2588	2103	226	1408
10.2625	2104	225	208
10.2655	2105	228	1408
10.2712	2106	226	1408
10.2749	2107	223	208
10.2779	2108	226	1408
10.2837	2109	225	1408
10.2874	2110	223	208
10.2904	2111	226	1408
10.2961	2112	226	1408
10.2999	2113	223	208
10.3028	2114	225	1408
10.3086	2115	224	1408
10.3123	2116	220	208
10.3153	2117	222	1408
10.321	2118	220	1408
10.3248	2119	215	208
10.3277	2120	217	1408
10.3368	2121	218	1408
10.3401	2122	215	208
10.3431	2123	217	1408
10.3493	2124	215	1408
10.3526	2125	210	208
10.3555	2126	212	1408
10.3618	2127	211	1408
10.3684	2128	210	208
10.3713	2129	212	1408
10.3742	2130	207	1408
10.3808	2131	206	208
10.3838	2132	208	1408
10.3895	2133	206	1408
10.3933	2134	203	208
10.3962	2135	205	1408
10.4054	2136	206	1408
10.4057	2137	199	208
10.4087	2138	201	1408
10.4178	2139	202	1408
10.4211	2140	199	208
10.424	2141	201	1408
10.4303	2142	202	1408
10.4335	2143	199	208
10.4365	2144	201	1408
10.4427	2145	202	1408
10.446	2146	199	208
10.4489	2147	202	1408
10.4552	2148	203	1408
10.4584	2149	201	208
10.4614	2150	203	1408
10.4676	2151	203	1408
10.4709	2152	201	208
10.4739	2153	203	1408
10.4801	2154	204	1408
10.4833	2155	202	208
10.4863	2156	204	1408
10.4925	2157	205	1408
10.4958	2158	202	208
10.4988	2159	204	1408
10.505	2160	206	1408
10.5083	2161	203	208
10.5112	2162	205	1408
10.5175	2163	206	1408
10.5207	2164	203	208
10.5237	2165	206	1408
10.5266	2166	203	1408
10.5303	2167	202	208
10.5361	2168	207	1408
10.539	2169	204	1408
10.5427	2170	202	208
10.5457	2171	204	1408
10.5515	2172	204	1408
10.5552	2173	203	208
10.5582	2174	205	1408
10.5639	2175	205	1408
10.5677	2176	203	208
10.5735	2177	208	1408
10.5769	2178	206	1408
10.583	2179	206	208
10.586	2180	208	1408
10.5922	2181	210	1408
10.5926	2182	204	208
10.5955	2183	207	1408
10.6013	2184	207	1408
10.6079	2185	208	208
10.6109	2186	210	1408
10.6138	2187	207	1408
10.6175	2188	206	208
10.6205	2189	208	1408
10.6262	2190	209	1408
10.6299	2191	206	208
10.6358	2192	211	1408
10.642	2193	213	1408
10.6453	2194	210	208
10.6482	2195	212	1408
10.6511	2196	210	1408
10.6577	2197	210	208
10.6607	2198	213	1408
10.6669	2199	213	1408
10.6702	2200	212	208
10.6732	2201	214	1408
10.6794	2202	214	1408
10.6826	2203	212	208
10.6856	2204	214	1408
10.6918	2205	215	1408
10.6951	2206	213	208
10.6981	2207	215	1408
10.7043	2208	216	1408
10.7047	2209	210	208
10.7105	2210	215	1408
10.7134	2211	213	1408
10.7171	2212	211	208
10.7201	2213	214	1408
10.7259	2214	213	1408
10.7296	2215	212	208
10.7326	2216	214	1408
10.7383	2217	214	1408
10.742	2218	213	208
10.745	2219	215	1408
10.7508	2220	215	1408
10.7545	2221	213	208
10.7575	2222	215	1408
10.7632	2223	216	1408
10.767	2224	213	208
10.7699	2225	215	1408
10.7728	2226	213	1408
10.7794	2227	214	208
10.7824	2228	217	1408
10.7853	2229	214	1408
10.7885	2230	212	208
10.7915	2231	214	1408
10.7977	2232	214	1408
10.801	2233	212	208
10.8039	2234	214	1408
10.8102	2235	216	1408
10.8134	2236	213	208
10.8164	2237	215	1408
10.8226	2238	216	1408
10.8259	2239	213	208
10.8289	2240	215	1408
10.8351	2241	217	1408
10.8383	2242	214	208
10.8413	2243	217	1408
10.8475	2244	217	1408
10.8508	2245	215	208
10.8538	2246	217	1408
10.86	2247	217	1408
10.8633	2248	216	208
10.8662	2249	218	1408
10.8691	2250	216	1408
10.8728	2251	213	208
10.8787	2252	218	1408
10.8849	2253	219	1408
10.8882	2254	217	208
10.8911	2255	219	1408
10.8974	2256	220	1408
10.8977	2257	214	208
10.9007	2258	217	1408
10.9098	2259	220	1408
10.9131	2260	219	208
10.916	2261	221	1408
10.9223	2262	221	1408
10.9255	2263	219	208
10.9285	2264	221	1408
10.9314	2265	219	1408
10.9351	2266	217	208
10.941	2267	221	1408
10.9438	2268	219	1408
10.9476	2269	217	208
10.9534	2270	222	1408
10.9563	2271	220	1408
10.96	2272	218	208
10.963	2273	220	1408
10.9687	2274	220	1408
10.9725	2275	219	208
10.9755	2276	221	1408
10.9812	2277	221	1408
10.9816	2278	216	208
10.9879	2279	221	1408
10.9908	2280	219	1408
10.994	2281	217	208
11.0004	2282	222	1408
11.0032	2283	220	1408
11.0065	2284	217	208
11.0095	2285	219	1408
11.0157	2286	220	1408
11.019	2287	217	208
11.0219	2288	220	1408
11.0282	2289	221	1408
11.0314	2290	219	208
11.0344	2291	221	1408
11.0406	2292	221	1408
11.041	2293	216	208
11.0468	2294	221	1408
11.0497	2295	219	1408
11.0534	2296	217	208
11.0564	2297	219	1408
11.0622	2298	220	1408
11.0659	2299	217	208
11.0689	2300	219	1408
11.0746	2301	220	1408
11.0784	2302	218	208
11.0813	2303	221	1408
11.0871	2304	221	1408
11.0908	2305	219	208
11.0938	2306	221	1408
11.0995	2307	221	1408
11.1033	2308	220	208
11.1062	2309	222	1408
11.112	2310	222	1408
11.1157	2311	220	208
11.1187	2312	222	1408
11.1216	2313	220	1408
11.1248	2314	217	208
11.1312	2315	223	1408
11.1369	2316	223	1408
11.1378	2317	219	208
11.1436	2318	224	1408
11.1494	2319	224	1408
11.1497	2320	219	208
11.1527	2321	221	1408
11.1618	2322	224	1408
11.1622	2323	220	208
11.1685	2324	225	1408
11.1714	2325	223	1408
11.1747	2326	220	208
11.1776	2327	222	1408
11.1839	2328	223	1408
11.1871	2329	221	208
11.1901	2330	223	1408
11.1963	2331	224	1408
11.1996	2332	222	208
11.2025	2333	224	1408
11.2088	2334	224	1408
11.2091	2335	220	208
11.215	2336	224	1408
11.2212	2337	225	1408
11.2216	2338	220	208
11.2274	2339	225	1408
11.2303	2340	223	1408
11.2341	2341	221	208
11.237	2342	223	1408
11.2428	2343	223	1408
11.2465	2344	221	208
11.2495	2345	223	1408
11.2552	2346	224	1408
11.2556	2347	219	208
11.2619	2348	224	1408
11.2677	2349	224	1408
11.2681	2350	220	208
11.2744	2351	225	1408
11.2801	2352	225	1408
11.2805	2353	220	208
11.2869	2354	225	1408
11.2897	2355	223	1408
11.293	2356	220	208
11.296	2357	222	1408
11.3022	2358	224	1408
11.3054	2359	221	208
11.3084	2360	224	1408
11.3146	2361	224	1408
11.315	2362	220	208
11.3209	2363	224	1408
11.3271	2364	225	1408
11.3275	2365	220	208
11.3333	2366	225	1408
11.3362	2367	222	1408
11.3399	2368	220	208
11.3458	2369	225	1408
11.3487	2370	223	1408
11.3524	2371	221	208
11.3554	2372	223	1408
11.3611	2373	224	1408
11.3648	2374	221	208
11.3678	2375	224	1408
11.3736	2376	224	1408
11.3739	2377	219	208
11.3803	2378	225	1408
11.386	2379	225	1408
11.3898	2380	223	208
11.3927	2381	225	1408
11.3985	2382	225	1408
11.4022	2383	224	208
11.4052	2384	226	1408
11.4081	2385	224	1408
11.4113	2386	221	208
11.4143	2387	223	1408
11.4205	2388	224	1408
11.4238	2389	221	208
11.4267	2390	224	1408
11.433	2391	224	1408
11.4334	2392	220	208
11.4392	2393	225	1408
11.4421	2394	222	1408
11.4458	2395	220	208
11.4488	2396	222	1408
11.4545	2397	222	1408
11.4554	2398	218	208
11.4612	2399	223	1408
11.467	2400	223	1408
11.4674	2401	218	208
11.4708	2402	220	1408
11.4766	2403	221	1408
11.4798	2404	218	208
11.4828	2405	221	1408
11.489	2406	222	1408
11.4923	2407	220	208
11.4953	2408	222	1408
11.4986	2409	219	1408
11.5019	2410	217	208
11.5048	2411	219	1408
11.5077	2412	216	1408
11.5081	2413	212	208
11.5111	2414	214	1408
11.5139	2415	211	1408
11.5143	2416	206	208
11.5173	2417	208	1408
11.5202	2418	206	1408
11.5205	2419	200	208
11.5235	2420	203	1408
11.5264	2421	200	1408
11.5268	2422	195	208
11.5297	2423	197	1408
11.5326	2424	194	1408
11.533	2425	190	208
11.536	2426	191	1408
11.5388	2427	188	1408
11.5392	2428	184	208
11.5422	2429	186	1408
11.5451	2430	184	1408
11.5455	2431	178	208
11.5484	2432	180	1408
11.5513	2433	178	1408
11.5517	2434	172	208
11.5547	2435	175	1408
11.5575	2436	172	1408
11.5608	2437	170	208
11.5638	2438	172	1408
11.57	2439	172	1408
11.5732	2440	171	208
11.5762	2441	173	1408
11.5824	2442	173	1408
11.5857	2443	171	208
11.5887	2444	173	1408
11.5949	2445	174	1408
11.5982	2446	172	208
11.6011	2447	174	1408
11.6074	2448	175	1408
11.6077	2449	169	208
11.6107	2450	172	1408
11.6165	2451	172	1408
11.6202	2452	171	208
11.6232	2453	173	1408
11.6289	2454	172	1408
11.6326	2455	171	208
11.6356	2456	173	1408
11.6414	2457	173	1408
11.6418	2458	168	208
11.6447	2459	170	1408
11.651	2460	171	1408
11.6542	2461	169	208
11.6572	2462	171	1408
11.6634	2463	172	1408
11.6667	2464	169	208
11.6696	2465	172	1408
11.6725	2466	169	1408
11.6762	2467	168	208
11.6792	2468	170	1408
11.685	2469	169	1408
11.6887	2470	168	208
11.6917	2471	170	1408
11.6974	2472	170	1408
11.7012	2473	169	208
11.7041	2474	171	1408
11.707	2475	169	1408
11.7074	2476	163	208
11.7104	2477	166	1408
11.7132	2478	163	1408
11.7136	2479	158	208
11.7166	2480	160	1408
11.7195	2481	157	1408
11.7198	2482	152	208
11.7228	2483	154	1408
11.7257	2484	152	1408
11.7261	2485	147	208
11.729	2486	149	1408
11.7319	2487	146	1408
11.7323	2488	142	208
11.7381	2489	147	1408
11.7444	2490	147	1408
11.7476	2491	145	208
11.7506	2492	147	1408
11.7568	2493	148	1408
11.7601	2494	146	208
11.7631	2495	149	1408
11.7693	2496	149	1408
11.7725	2497	147	208
11.7755	2498	149	1408
11.7817	2499	150	1408
11.785	2500	147	208
11.788	2501	149	1408
11.7942	2502	151	1408
11.7975	2503	148	208
11.8004	2504	151	1408
11.8067	2505	151	1408
11.8099	2506	149	208
11.8129	2507	151	1408
11.8191	2508	153	1408
11.8224	2509	150	208
11.8253	2510	152	1408
11.8316	2511	153	1408
11.8348	2512	151	208
11.8378	2513	153	1408
11.844	2514	154	1408
11.8473	2515	152	208
11.8502	2516	154	1408
11.8565	2517	155	1408
11.8597	2518	152	208
11.8627	2519	155	1408
11.8689	2520	155	1408
11.8722	2521	154	208
11.8752	2522	156	1408
11.8814	2523	157	1408
11.8846	2524	154	208
11.8876	2525	156	1408
11.8938	2526	157	1408
11.8971	2527	155	208
11.9001	2528	158	1408
11.9063	2529	158	1408
11.9096	2530	156	208
11.9125	2531	158	1408
11.9188	2532	159	1408
11.922	2533	157	208
11.925	2534	158	1408
11.9312	2535	160	1408
11.9345	2536	158	208
11.9374	2537	160	1408
11.9437	2538	160	1408
11.9469	2539	158	208
11.9499	2540	160	1408
11.9561	2541	162	1408
11.9594	2542	159	208
11.9624	2543	162	1408
11.9686	2544	162	1408
11.9718	2545	160	208
11.9748	2546	162	1408
11.981	2547	164	1408
11.9843	2548	161	208
11.9873	2549	164	1408
11.9935	2550	164	1408
11.9967	2551	162	208
11.9997	2552	164	1408
12.0059	2553	165	1408
12.0092	2554	163	208
12.0122	2555	165	1408
12.0184	2556	166	1408
12.0217	2557	164	208
12.0246	2558	166	1408
12.0309	2559	167	1408
12.0341	2560	165	208
12.0371	2561	167	1408
12.0433	2562	168	1408
12.0466	2563	166	208
12.0495	2564	168	1408
12.0558	2565	169	1408
12.059	2566	167	208
12.062	2567	169	1408
12.0682	2568	170	1408
12.0715	2569	168	208
12.0745	2570	170	1408
12.0807	2571	171	1408
12.0839	2572	168	208
12.0869	2573	170	1408
12.0931	2574	172	1408
12.0964	2575	170	208
12.0994	2576	172	1408
12.1056	2577	173	1408
12.1089	2578	170	208
12.1118	2579	172	1408
12.1181	2580	174	1408
12.1213	2581	172	208
12.1243	2582	174	1408
12.1305	2583	175	1408
12.1338	2584	172	208
12.1367	2585	175	1408
12.143	2586	175	1408
12.1462	2587	174	208
12.1492	2588	176	1408
12.1554	2589	177	1408
12.1587	2590	174	208
12.1616	2591	177	1408
12.1679	2592	177	1408
12.1711	2593	176	208
12.1741	2594	178	1408
12.1803	2595	179	1408
12.1836	2596	177	208
12.1866	2597	179	1408
12.1928	2598	179	1408
12.196	2599	178	208
12.199	2600	180	1408
12.2052	2601	181	1408
12.2085	2602	179	208
12.2115	2603	181	1408
12.2177	2604	182	1408
12.221	2605	179	208
12.2239	2606	181	1408
12.2302	2607	183	1408
12.2334	2608	181	208
12.2364	2609	183	1408
12.2426	2610	184	1408
12.2459	2611	181	208
12.2488	2612	184	1408
12.2551	2613	185	1408
12.2583	2614	183	208
12.2613	2615	185	1408
12.2675	2616	186	1408
12.2708	2617	184	208
12.2738	2618	186	1408
12.28	2619	187	1408
12.2832	2620	185	208
12.2862	2621	187	1408
12.2924	2622	188	1408
12.2957	2623	186	208
12.2987	2624	188	1408
12.3049	2625	189	1408
12.3081	2626	187	208
12.3111	2627	190	1408
12.3173	2628	190	1408
12.3206	2629	188	208
12.3236	2630	190	1408
12.3298	2631	191	1408
12.3331	2632	190	208
12.336	2633	192	1408
12.3423	2634	192	1408
12.3455	2635	190	208
12.3485	2636	192	1408
12.3547	2637	193	1408
12.3551	2638	189	208
12.3609	2639	193	1408
12.3672	2640	195	1408
12.3704	2641	192	208
12.3734	2642	194	1408
12.3796	2643	195	1408
12.38	2644	191	208
12.3859	2645	195	1408
12.3921	2646	197	1408
12.3953	2647	194	208
12.3983	2648	197	1408
12.4045	2649	197	1408
12.4078	2650	195	208
12.4108	2651	197	1408
12.417	2652	198	1408
12.4203	2653	197	208
12.4232	2654	199	1408
12.4295	2655	200	1408
12.4327	2656	197	208
12.4357	2657	199	1408
12.4419	2658	200	1408
12.4423	2659	196	208
12.4481	2660	201	1408
12.451	2661	199	1408
12.4576	2662	199	208
12.4606	2663	202	1408
12.4668	2664	202	1408
12.4672	2665	198	208
12.473	2666	203	1408
12.4759	2667	200	1408
12.4797	2668	199	208
12.4855	2669	204	1408
12.4917	2670	204	1408
12.4921	2671	200	208
12.498	2672	204	1408
12.5008	2673	202	1408
12.5046	2674	201	208
12.5104	2675	206	1408
12.5138	2676	204	1408
12.517	2677	202	208
12.5229	2678	206	1408
12.5291	2679	208	1408
12.5295	2680	203	208
12.5325	2681	205	1408
12.5387	2682	206	1408
12.5419	2683	203	208
12.5449	2684	206	1408
12.554	2685	210	1408
12.5544	2686	205	208
12.5574	2687	207	1408
12.5636	2688	208	1408
12.5668	2689	206	208
12.5727	2690	211	1408
12.5756	2691	209	1408
12.5793	2692	207	208
12.5852	2693	212	1408
12.5885	2694	210	1408
12.5918	2695	208	208
12.5947	2696	210	1408
12.6005	2697	211	1408
12.6042	2698	209	208
12.6072	2699	212	1408
12.6134	2700	212	1408
12.6167	2701	210	208
12.6196	2702	212	1408
12.6254	2703	213	1408
12.6291	2704	212	208
12.6321	2705	214	1408
12.6383	2706	214	1408
12.6416	2707	212	208
12.6446	2708	214	1408
12.6503	2709	215	1408
12.654	2710	214	208
12.657	2711	216	1408
12.6628	2712	216	1408
12.6665	2713	214	208
12.6695	2714	216	1408
12.6752	2715	217	1408
12.679	2716	215	208
12.6819	2717	217	1408
12.6877	2718	218	1408
12.6914	2719	216	208
12.6944	2720	219	1408
12.7001	2721	219	1408
12.7039	2722	217	208
12.7068	2723	219	1408
12.7126	2724	220	1408
12.7163	2725	219	208
12.7193	2726	221	1408
12.725	2727	222	1408
12.7288	2728	219	208
12.7317	2729	221	1408
12.7375	2730	222	1408
12.7412	2731	221	208
12.7442	2732	223	1408
12.75	2733	223	1408
12.7537	2734	221	208
12.7567	2735	224	1408
12.7624	2736	224	1408
12.7661	2737	223	208
12.7691	2738	225	1408
12.7749	2739	225	1408
12.7786	2740	224	208
12.7816	2741	226	1408
12.7873	2742	226	1408
12.7911	2743	225	208
12.794	2744	227	1408
12.7998	2745	227	1408
12.8035	2746	226	208
12.8065	2747	228	1408
12.8122	2748	229	1408
12.816	2749	226	208
12.8189	2750	228	1408
12.8247	2751	229	1408
12.8284	2752	228	208
12.8314	2753	230	1408
12.8371	2754	231	1408
12.8409	2755	228	208
12.8439	2756	231	1408
12.8496	2757	231	1408
12.8533	2758	230	208
12.8563	2759	232	1408
12.8621	2760	233	1408
12.8658	2761	231	208
12.8688	2762	233	1408
12.8745	2763	233	1408
12.8782	2764	232	208
12.8812	2765	234	1408
12.887	2766	234	1408
12.8907	2767	233	208
12.8937	2768	235	1408
12.8994	2769	236	1408
12.9032	2770	234	208
12.9061	2771	237	1408
12.9119	2772	236	1408
12.9156	2773	235	208
12.9186	2774	237	1408
12.9243	2775	238	1408
12.9281	2776	237	208
12.931	2777	239	1408
12.9368	2778	238	1408
12.9405	2779	237	208
12.9435	2780	239	1408
12.9493	2781	240	1408
12.953	2782	238	208
12.956	2783	240	1408
12.9617	2784	241	1408
12.9654	2785	239	208
12.9684	2786	241	1408
12.9742	2787	242	1408
12.9779	2788	240	208
12.9809	2789	242	1408
12.9866	2790	243	1408
12.9904	2791	241	208
12.9933	2792	244	1408
12.9991	2793	244	1408
13.0028	2794	242	208
13.0058	2795	244	1408
13.0115	2796	245	1408
13.0124	2797	241	208
13.0182	2798	246	1408
13.024	2799	245	1408
13.0277	2800	244	208
13.0307	2801	246	1408
13.0364	2802	247	1408
13.0373	2803	243	208
13.0431	2804	248	1408
13.0489	2805	248	1408
13.0526	2806	246	208
13.0556	2807	249	1408
13.0614	2808	249	1408
13.0622	2809	245	208
13.0681	2810	250	1408
13.0738	2811	250	1408
13.0775	2812	249	208
13.0805	2813	251	1408
13.0863	2814	251	1408
13.0871	2815	247	208
13.093	2816	251	1408
13.0987	2817	252	1408
13.0991	2818	248	208
13.1054	2819	253	1408
13.1112	2820	254	1408
13.112	2821	249	208
13.1179	2822	253	1408
13.1236	2823	254	1408
13.1245	2824	250	208
13.1303	2825	255	1408
13.1361	2826	256	1408
13.1369	2827	250	208
13.1428	2828	256	1408
13.1485	2829	256	1408
13.1523	2830	255	208
13.1553	2831	257	1408
13.1581	2832	255	1408
13.1614	2833	253	208
13.1648	2834	255	1408
13.1735	2835	258	1408
13.1772	2836	257	208
13.1802	2837	259	1408
13.183	2838	257	1408
13.1863	2839	255	208
13.1897	2840	257	1408
13.1984	2841	261	1408
13.2021	2842	259	208
13.2051	2843	262	1408
13.2108	2844	261	1408
13.2112	2845	257	208
13.2147	2846	259	1408
13.2204	2847	260	1408
13.2237	2848	258	208
13.2271	2849	261	1408
13.2357	2850	263	1408
13.2361	2851	259	208
13.2396	2852	261	1408
13.2482	2853	265	1408
13.2486	2854	260	208
13.2515	2855	262	1408
13.2578	2856	263	1408
13.2615	2857	261	208
13.2645	2858	263	1408
13.2702	2859	264	1408
13.2735	2860	262	208
13.2769	2861	264	1408
13.2827	2862	265	1408
13.2864	2863	263	208
13.2894	2864	266	1408
13.2951	2865	266	1408
13.2984	2866	264	208
13.3018	2867	266	1408
13.3076	2868	267	1408
13.3109	2869	265	208
13.3138	2870	267	1408
13.3201	2871	268	1408
13.3233	2872	266	208
13.3268	2873	268	1408
13.3325	2874	269	1408
13.3358	2875	267	208
13.3387	2876	269	1408
13.345	2877	270	1408
13.3482	2878	268	208
13.3512	2879	271	1408
13.3574	2880	271	1408
13.3607	2881	269	208
13.3637	2882	271	1408
13.3699	2883	272	1408
13.3731	2884	271	208
13.3761	2885	273	1408
13.3823	2886	273	1408
13.3856	2887	271	208
13.3886	2888	273	1408
13.3948	2889	274	1408
13.398	2890	273	208
13.401	2891	275	1408
13.4072	2892	276	1408
13.4105	2893	273	208
13.4135	2894	275	1408
13.4197	2895	276	1408
13.423	2896	274	208
13.4259	2897	276	1408
13.4322	2898	278	1408
13.4354	2899	275	208
13.4384	2900	278	1408
13.4446	2901	278	1408
13.4479	2902	276	208
13.4508	2903	278	1408
13.4571	2904	280	1408
13.4603	2905	278	208
13.4633	2906	280	1408
13.4695	2907	280	1408
13.4699	2908	275	208
13.4729	2909	277	1408
13.4791	2910	279	1408
13.4824	2911	277	208
13.4853	2912	279	1408
13.4916	2913	280	1408
13.4948	2914	277	208
13.4978	2915	280	1408
13.504	2916	281	1408
13.5073	2917	279	208
13.5102	2918	281	1408
13.5169	2920	276	208
13.5198	2921	279	1408
13.5261	2922	280	1408
13.5293	2923	278	208
13.5323	2924	280	1408
13.5385	2925	281	1408
13.5418	2926	279	208
13.5447	2927	281	1408
13.5513	2929	277	208
13.5543	2930	279	1408
13.5605	2931	280	1408
13.5638	2932	278	208
13.5668	2933	280	1408
13.573	2934	282	1408
13.5763	2935	279	208
13.5792	2936	282	1408
13.5855	2937	282	1408
13.5858	2938	277	208
13.5888	2939	279	1408
13.595	2940	281	1408
13.5983	2941	279	208
13.6013	2942	281	1408
13.6075	2943	283	1408
13.6079	2944	278	208
13.6108	2945	281	1408
13.6137	2946	280	1408
13.6175	2947	279	208
13.6233	2949	280	1408
13.6242	2950	277	208
13.6271	2951	280	1408
13.63	2952	278	1408
13.6304	2953	274	208
13.6334	2954	276	1408
13.6396	2955	278	1408
13.6428	2956	277	208
13.6458	2957	279	1408
13.6495	2959	275	208
13.6554	2960	280	1408
13.6583	2961	279	1408
13.662	2962	279	208
13.665	2963	280	1408
13.6682	2965	276	208
13.6717	2966	278	1408
13.6746	2967	277	1408
13.6778	2968	275	208
13.6808	2969	278	1408
13.687	2970	280	1408
13.6903	2971	279	208
13.6937	2973	277	1408
13.6998	2974	278	208
13.7062	2976	279	1408
13.7094	2977	276	208
13.7124	2978	279	1408
13.7186	2979	279	1408
13.7219	2980	275	208
13.7249	2981	278	1408
13.7311	2982	279	1408
13.7343	2983	276	208
13.7373	2984	279	1408
13.7435	2985	279	1408
13.7468	2986	275	208
13.7498	2987	278	1408
13.756	2988	278	1408
13.7593	2989	276	208
13.7622	2990	279	1408
13.7685	2991	279	1408
13.7688	2992	272	208
13.7718	2993	275	1408
13.778	2994	276	1408
13.7842	2995	276	208
13.7871	2996	279	1408
13.7934	2997	279	1408
13.7966	2998	276	208
13.7996	2999	279	1408
13.8058	3000	278	1408
13.8091	3001	276	208
13.8121	3002	279	1408
13.8183	3003	279	1408
13.8215	3004	278	208
13.8245	3005	281	1408
13.8311	3007	276	208
13.8341	3008	279	1408
13.8403	3009	279	1408
13.8407	3010	273	208
13.8437	3011	276	1408
13.8465	3012	272	1408
13.8469	3013	266	208
13.8499	3014	269	1408
13.8557	3015	269	1411
13.859	3016	269	1408
13.8623	3017	266	208
13.8652	3018	269	1408
13.871	3019	268	1408
13.8747	3020	266	208
13.8777	3021	269	1408
13.8834	3022	269	1408
13.9017	3023	255	1411
13.9049	3024	251	208
13.9084	3025	253	1408
13.917	3026	255	1408
13.9203	3027	251	208
13.9232	3028	253	1408
13.929	3029	251	1408
13.9327	3030	248	208
13.9386	3031	253	1408
13.9448	3032	252	1408
13.9506	3033	251	1411
13.9543	3034	248	208
13.9573	3035	250	1408
13.963	3036	249	1408
13.9688	3037	247	1411
13.9754	3038	246	208
13.9784	3039	248	1408
13.9846	3040	247	1408
13.9903	3041	246	1411
13.9941	3042	243	208
13.9971	3043	245	1408
14.0028	3044	243	1408
14.0119	3045	245	1411
14.0737	3046	185	1411
14.0775	3047	183	208
14.0804	3048	186	1408
14.0867	3049	185	1411
14.0924	3050	186	1408
14.0957	3051	184	208
14.0986	3052	186	1408
14.1049	3053	187	1408
14.1081	3054	185	208
14.1111	3055	188	1408
14.1173	3056	188	1408
14.1206	3057	186	208
14.1236	3058	188	1408
14.1298	3059	189	1408
14.133	3060	188	208
14.136	3061	190	1408
14.1394	3062	188	1408
14.1455	3063	188	208
14.1485	3064	190	1408
14.1609	3065	182	1408
14.1675	3066	180	208
14.1705	3067	183	1408
14.1763	3068	183	1408
14.1771	3069	178	208
14.1801	3070	181	1408
14.1887	3071	180	1408
14.1924	3072	178	208
14.1954	3073	181	1408
14.2012	3074	181	1408
14.2049	3075	177	208
14.2079	3076	180	1408
14.2136	3077	180	1408
14.2174	3078	179	208
14.2266	3079	178	1408
14.2323	3080	178	1408
14.2327	3081	172	208
14.2357	3082	175	1408
14.2448	3083	177	1408
14.2456	3084	173	208
14.2515	3085	178	1408
14.2572	3086	175	1408
14.2887	3087	145	208
14.2917	3088	148	1408
14.2979	3089	148	1408
14.3012	3090	147	208
14.3042	3091	149	1408
14.3104	3092	149	1408
14.3137	3093	147	208
14.3166	3094	149	1408
14.3229	3095	150	1408
14.3261	3096	148	208
14.3291	3097	150	1408
14.3353	3098	151	1408
14.3386	3099	148	208
14.3415	3100	151	1408
14.3478	3101	151	1408
14.351	3102	150	208
14.354	3103	151	1408
14.3602	3104	152	1408
14.3635	3105	150	208
14.3665	3106	152	1408
14.3727	3107	152	1408
14.3759	3108	150	208
14.3789	3109	152	1408
14.3818	3110	150	1408
14.3855	3111	148	208
14.3914	3112	153	1408
14.3942	3113	151	1408
14.4008	3114	151	208
14.4038	3115	154	1408
14.4072	3116	152	1408
14.4104	3117	150	208
14.4163	3118	155	1408
14.4225	3119	155	1408
14.4229	3120	150	208
14.4287	3121	155	1408
14.435	3122	155	1408
14.4382	3123	154	208
14.4412	3124	156	1408
14.4445	3125	154	1408
14.4507	3126	154	208
14.4536	3127	156	1408
14.4599	3128	157	1408
14.4631	3129	155	208
14.4661	3130	158	1408
14.4723	3131	158	1408
14.4756	3132	156	208
14.4786	3133	158	1408
14.4848	3134	158	1408
14.488	3135	157	208
14.491	3136	159	1408
14.4972	3137	160	1408
14.5005	3138	157	208
14.5035	3139	159	1408
14.5097	3140	160	1408
14.5129	3141	157	208
14.5159	3142	159	1408
14.5222	3143	161	1408
14.5254	3144	158	208
14.5284	3145	161	1408
14.5346	3146	161	1408
14.5379	3147	159	208
14.5408	3148	161	1408
14.5471	3149	162	1408
14.5503	3150	160	208
14.5533	3151	162	1408
14.5595	3152	163	1408
14.5628	3153	160	208
14.5657	3154	162	1408
14.572	3155	163	1408
14.5752	3156	161	208
14.5782	3157	163	1408
14.5844	3158	164	1408
14.5877	3159	161	208
14.5907	3160	164	1408
14.5969	3161	164	1408
14.6035	3162	166	208
14.6065	3163	168	1408
14.6122	3164	168	1408
14.616	3165	166	208
14.6189	3166	168	1408
14.6247	3167	169	1408
14.6313	3168	170	208
14.6343	3169	172	1408
14.6405	3170	173	1408
14.6442	3171	171	208
14.6501	3172	176	1408
14.6558	3173	176	1408
14.6595	3174	175	208
14.6625	3175	177	1408
14.6683	3176	177	1408
14.672	3177	176	208
14.6778	3178	180	1408
14.6841	3179	181	1408
14.6873	3180	179	208
14.6903	3181	181	1408
14.6965	3182	182	1408
14.7003	3183	180	208
14.7061	3184	185	1408
14.7119	3185	185	1408
14.7156	3186	183	208
14.7186	3187	186	1408
14.7243	3188	186	1408
14.7281	3189	185	208
14.7339	3190	189	1408
14.7401	3191	190	1408
14.7434	3192	188	208
14.7468	3193	190	1408
14.7555	3194	193	1408
14.7592	3195	192	208
14.7622	3196	194	1408
14.7679	3197	194	1408
14.7717	3198	192	208
14.7775	3199	197	1408
14.7809	3200	195	1408
14.787	3201	195	208
14.79	3202	198	1408
14.7962	3203	199	1408
14.7999	3204	197	208
14.8058	3205	202	1408
14.8115	3206	202	1408
14.8152	3207	201	208
14.8182	3208	203	1408
14.8273	3209	206	1408
14.8306	3210	204	208
14.8336	3211	206	1408
14.8398	3212	207	1408
14.843	3213	205	208
14.8465	3214	207	1408
14.8522	3215	208	1408
14.8588	3216	208	208
14.8618	3217	211	1408
14.8676	3218	211	1408
14.8713	3219	210	208
14.8743	3220	212	1408
14.8834	3221	215	1408
14.8866	3222	213	208
14.8896	3223	215	1408
14.8958	3224	216	1408
14.8996	3225	214	208
14.9054	3226	219	1408
14.9112	3227	220	1408
14.9149	3228	217	208
14.9179	3229	219	1408
14.9236	3230	220	1408
14.9274	3231	218	208
14.9332	3232	224	1408
14.9394	3233	224	1408
14.9427	3234	222	208
14.9457	3235	224	1408
14.9548	3236	227	1408
14.9556	3237	223	208
14.9615	3238	228	1408
14.9672	3239	229	1408
14.9709	3240	226	208
14.9739	3241	228	1408
14.983	3242	233	1408
14.9863	3243	230	208
14.9893	3244	232	1408
14.9955	3245	233	1408
14.9992	3246	231	208
15.0022	3247	234	1408
15.0108	3248	236	1408
15.0145	3249	235	208
15.0175	3250	237	1408
15.0233	3251	237	1408
15.027	3252	235	208
15.0328	3253	240	1408
15.0391	3254	242	1408
15.0423	3255	239	208
15.0453	3256	241	1408
15.0515	3257	242	1408
15.0581	3258	243	208
15.0611	3259	245	1408
15.0669	3260	245	1408
15.0706	3261	244	208
15.0764	3262	249	1408
15.0827	3263	249	1408
15.0859	3264	247	208
15.0889	3265	249	1408
15.0951	3266	250	1408
15.0989	3267	248	208
15.1047	3268	253	1408
15.1105	3269	254	1408
15.1142	3270	252	208
15.1172	3271	254	1408
15.1263	3272	258	1408
15.1295	3273	255	208
15.1325	3274	258	1408
15.1416	3275	261	1408
15.1453	3276	260	208
15.1483	3277	262	1408
15.1541	3278	262	1408
15.1578	3279	260	208
15.1636	3280	265	1408
15.1699	3281	265	1408
15.1731	3282	264	208
15.1766	3283	266	1408
15.1823	3284	267	1408
15.1889	3285	267	208
15.1919	3286	269	1408
15.1981	3287	271	1408
15.2043	3288	271	208
15.2072	3289	274	1408
15.2135	3290	274	1408
15.2167	3291	272	208
15.2197	3292	274	1408
15.2288	3293	277	1408
15.2325	3294	276	208
15.2355	3295	278	1408
15.2446	3296	281	1408
15.2479	3297	279	208
15.2508	3298	281	1408
15.2542	3299	280	1408
15.2546	3300	274	208
15.2575	3301	276	1408
15.2638	3302	277	1408
15.267	3303	275	208
15.27	3304	277	1408
15.2733	3305	275	1408
15.2766	3306	273	208
15.2796	3307	275	1408
15.2853	3308	275	1408
15.2891	3309	274	208
15.292	3310	276	1408
15.2978	3311	276	1408
15.2986	3312	271	208
15.3045	3313	276	1408
15.3074	3314	274	1408
15.3106	3315	271	208
15.3141	3316	274	1408
15.3198	3317	274	1408
15.3231	3318	272	208
15.326	3319	275	1408
15.3323	3320	275	1408
15.3355	3321	273	208
15.3385	3322	275	1408
15.3418	3323	272	1408
15.3451	3324	271	208
15.3481	3325	273	1408
15.3538	3326	273	1408
15.3576	3327	271	208
15.3605	3328	273	1408
15.3663	3329	273	1408
15.3667	3330	268	208
15.373	3331	270	1408
15.3787	3332	269	1408
15.3825	3333	268	208
15.3854	3334	270	1408
15.3912	3335	270	1408
15.3949	3336	266	208
15.3979	3337	266	1408
15.4037	3338	267	1408
15.404	3339	263	208
15.4104	3340	264	1408
15.4161	3341	264	1408
15.417	3342	259	208
15.4228	3343	264	1408
15.4286	3344	263	1408
15.4323	3345	262	208
15.4381	3346	264	1408
15.4444	3347	264	1408
15.4476	3348	262	208
15.4506	3349	263	1408
15.4597	3350	263	1408
15.4634	3351	262	208
15.4664	3352	264	1408
15.4755	3353	264	1408
15.4759	3354	259	208
15.4817	3355	263	1408
15.488	3356	263	1408
15.4912	3357	262	208
15.4975	3358	264	1408
15.5033	3359	264	1408
15.507	3360	263	208
15.51	3361	264	1408
15.5158	3362	263	1408
15.5195	3363	260	208
15.5253	3364	264	1408
15.5316	3365	263	1408
15.5348	3366	260	208
15.5411	3367	264	1408
15.5469	3368	263	1408
15.5506	3369	262	208
15.5536	3370	264	1408
15.5622	3371	264	1408
15.5655	3372	262	208
15.5685	3373	263	1408
15.5776	3374	263	1408
15.5813	3375	262	208
15.5843	3376	264	1408
15.59	3377	265	1408
15.5938	3378	262	208
15.5967	3379	264	1408
15.6025	3380	265	1408
15.6062	3381	263	208
15.6092	3382	266	1408
15.6149	3383	265	1408
15.6187	3384	264	208
15.6216	3385	266	1408
15.6274	3386	266	1408
15.6311	3387	265	208
15.6341	3388	267	1408
15.6398	3389	267	1408
15.6436	3390	265	208
15.6494	3391	270	1408
15.6557	3392	271	1408
15.6589	3393	268	208
15.6619	3394	270	1408
15.6681	3395	272	1408
15.6714	3396	269	208
15.6743	3397	272	1408
15.6806	3398	272	1408
15.6838	3399	270	208
15.6868	3400	272	1408
15.693	3401	273	1408
15.6963	3402	271	208
15.6997	3403	273	1408
15.7055	3404	274	1408
15.7121	3405	275	208
15.7151	3406	277	1408
15.7179	3407	274	1408
15.7245	3408	275	208
15.7275	3409	277	1408
15.7333	3410	278	1408
15.737	3411	276	208
15.74	3412	278	1408
15.7457	3413	278	1408
15.7495	3414	277	208
15.7524	3415	279	1408
15.7582	3416	279	1408
15.7619	3417	277	208
15.7649	3418	279	1408
15.7678	3419	277	1408
15.7715	3420	275	208
15.7773	3421	280	1408
15.7802	3422	278	1408
15.7868	3423	278	208
15.7898	3424	281	1408
15.796	3425	282	1408
15.7993	3426	280	208
15.8023	3427	282	1408
15.8114	3428	282	1408
15.8117	3429	277	208
15.8181	3430	282	1408
15.8238	3431	278	1408
15.8275	3432	277	208
15.8334	3433	282	1408
15.8396	3434	281	1408
15.8429	3435	279	208
15.8492	3436	282	1408
15.8529	3438	274	208
15.8588	3439	278	1408
15.8645	3440	279	1408
15.8683	3441	278	208
15.8741	3442	279	1408
15.8803	3443	279	1408
15.8836	3444	277	208
15.8899	3445	278	1408
15.8957	3446	279	1408
15.8994	3447	278	208
15.9024	3448	279	1408
15.9086	3449	276	1408
15.9119	3450	274	208
15.9177	3451	279	1408
15.9239	3452	276	1408
15.9272	3453	275	208
15.9306	3454	276	1408
15.9393	3455	279	1408
15.9401	3456	275	208
15.946	3457	279	1408
15.9517	3458	279	1408
15.9555	3459	278	208
15.9584	3460	279	1408
15.9642	3461	279	1408
15.9679	3462	277	208
15.9771	3464	280	1408
15.9804	3465	278	208
15.9833	3466	279	1408
15.9896	3467	280	1408
15.9928	3468	278	208
15.9992	3469	280	1408
16.0049	3470	279	1408
16.0058	3471	275	208
16.0116	3472	280	1408
16.0174	3473	279	1408
16.0211	3474	278	208
16.0241	3475	280	1408
16.0298	3476	279	1408
16.0335	3477	278	208
16.0427	3479	279	1408
16.046	3480	278	208
16.049	3481	279	1408
16.0552	3482	280	1408
16.0585	3483	276	208
16.0619	3484	276	1408
16.0677	3485	277	1408
16.0714	3486	276	208
16.0744	3487	277	1408
16.083	3488	279	1408
16.0834	3489	275	208
16.0892	3490	279	1408
16.0955	3491	280	1408
16.0987	3492	278	208
16.1017	3493	279	1408
16.1079	3494	279	1408
16.1083	3495	275	208
16.1117	3496	277	1408
16.1175	3497	278	1408
16.1212	3498	276	208
16.1271	3499	280	1408
16.1328	3500	280	1408
16.1366	3501	279	208
16.1395	3502	280	1408
16.1453	3503	279	1408
16.149	3504	278	208
16.152	3505	279	1408
16.1582	3506	277	1408
16.1615	3507	275	208
16.1649	3508	276	1408
16.1707	3509	277	1408
16.1739	3510	275	208
16.1769	3511	273	1408
16.1831	3512	274	1408
16.1864	3513	272	208
16.1927	3514	273	1408
16.1956	3515	271	1411
16.2018	3516	272	1408
16.2079	3517	272	208
16.2109	3518	274	1408
16.2143	3519	273	1408
16.2204	3520	273	208
16.2234	3521	273	1408
16.2296	3522	274	1408
16.2329	3523	272	208
16.2392	3524	274	1408
16.2449	3525	274	1408
16.2487	3526	273	208
16.2516	3527	273	1408
16.2574	3528	274	1408
16.2611	3529	273	208
16.267	3530	272	1408
16.2732	3531	274	1408
16.2764	3532	272	208
16.2828	3533	273	1408
16.2885	3534	274	1408
16.2889	3535	269	208
16.2952	3536	274	1408
16.301	3537	273	1408
16.3047	3538	271	208
16.3077	3539	273	1408
16.3134	3540	273	1408
16.3197	3541	272	1411
16.3234	3542	270	208
16.3293	3543	275	1408
16.335	3544	275	1408
16.3387	3545	272	208
16.3417	3546	274	1408
16.3475	3547	274	1408
16.3512	3548	272	208
16.3542	3549	274	1408
16.3604	3550	274	1408
16.3665	3551	273	208
16.3695	3552	275	1408
16.3757	3553	275	1408
16.379	3554	272	208
16.382	3555	274	1408
16.3882	3556	275	1411
16.3939	3557	274	1408
16.3977	3558	272	208
16.4035	3559	277	1408
16.4097	3560	276	1408
16.413	3561	274	208
16.416	3562	275	1408
16.4217	3563	275	1408
16.4255	3564	273	208
16.4284	3565	275	1408
16.4375	3566	278	1408
16.4408	3567	275	208
16.4438	3568	277	1408
16.45	3569	277	1408
16.4533	3570	274	208
16.4562	3571	276	1408
16.4625	3572	276	1408
16.4686	3573	276	208
16.4716	3574	278	1408
16.4778	3575	278	1408
16.481	3576	276	208
16.484	3577	278	1408
16.4902	3578	278	1408
16.4935	3579	274	208
16.4965	3580	277	1408
16.5056	3581	279	1408
16.5093	3582	277	208
16.5123	3583	279	1408
16.518	3584	279	1408
16.5218	3585	276	208
16.5247	3586	278	1408
16.5305	3587	278	1408
16.5342	3588	276	208
16.5372	3589	278	1408
16.5434	3590	277	1408
16.5467	3591	274	208
16.5501	3592	277	1408
16.5559	3593	276	1408
16.5596	3594	274	208
16.5655	3595	279	1408
16.5712	3596	279	1408
16.5749	3597	276	208
16.5779	3598	278	1408
16.5837	3599	278	1408
16.5903	3600	278	208
16.5932	3601	280	1408
16.5995	3602	280	1408
16.6027	3603	277	208
16.6057	3604	279	1408
16.6119	3605	279	1408
16.6123	3606	274	208
16.6153	3607	276	1408
16.6244	3608	279	1408
16.6281	3609	276	208
16.6311	3610	279	1408
16.6368	3611	277	1408
16.6406	3612	275	208
16.6435	3613	277	1408
16.6498	3614	277	1408
16.6559	3615	277	208
16.6589	3616	279	1408
16.6651	3617	279	1408
16.6684	3618	276	208
16.6718	3619	278	1408
16.6804	3620	281	1408
16.6842	3621	278	208
16.6871	3622	279	1408
16.6934	3623	279	1408
16.6995	3624	279	208
16.7025	3625	281	1408
16.7087	3626	281	1408
16.712	3627	277	208
16.7154	3628	279	1408
16.7212	3629	279	1408
16.7278	3630	279	208
16.7307	3631	281	1408
16.7365	3632	281	1408
16.7402	3633	278	208
16.7432	3634	279	1408
16.7523	3635	282	1408
16.7556	3636	279	208
16.7585	3637	279	1408
16.7648	3638	279	1408
16.7685	3639	277	208
16.7743	3640	282	1408
16.7801	3641	282	1408
16.7838	3642	278	208
16.7901	3644	278	1408
16.7934	3645	276	208
16.7992	3646	281	1408
16.8021	3647	279	1408
16.8059	3648	276	208
16.8088	3649	279	1408
16.8151	3650	280	1408
16.8183	3651	278	208
16.8213	3652	280	1408
16.8275	3653	281	1408
16.8279	3654	276	208
16.8337	3655	281	1408
16.8371	3656	280	1408
16.8403	3657	277	208
16.8433	3658	279	1408
16.8491	3659	280	1408
16.8528	3660	278	208
16.8558	3661	280	1408
16.8615	3662	281	1408
16.8653	3663	279	208
16.8682	3664	282	1408
16.8711	3665	279	1408
16.8748	3666	277	208
16.8778	3667	279	1408
16.8836	3668	280	1408
16.8873	3669	279	208
16.8903	3670	281	1408
16.8965	3671	281	1408
16.8998	3672	279	208
16.9027	3673	281	1408
16.9056	3674	279	1408
16.9093	3675	278	208
16.9157	3677	278	1408
16.9189	3678	275	208
16.9219	3679	277	1408
16.9276	3680	278	1408
16.9309	3681	276	208
16.9339	3682	278	1408
16.9401	3683	280	1408
16.9521	3686	280	1408
16.9529	3687	275	208
16.9588	3688	280	1408
16.9645	3689	281	1408
16.9654	3690	277	208
16.9712	3691	282	1408
16.9778	3693	277	208
16.9808	3694	279	1408
16.9866	3695	280	1408
16.9903	3696	279	208
16.9933	3697	281	1408
16.999	3698	282	1408
17.0028	3699	279	208
17.0057	3700	282	1408
17.0115	3701	282	1408
17.0123	3702	278	208
17.0153	3703	280	1408
17.0211	3704	281	1408
17.0248	3705	279	208
17.0278	3706	281	1408
17.0311	3707	279	1408
17.0344	3708	277	208
17.0373	3709	279	1408
17.0431	3710	280	1408
17.0468	3711	278	208
17.0498	3712	280	1408
17.0527	3713	278	1408
17.0564	3714	276	208
17.0623	3715	281	1408
17.0685	3716	282	1408
17.0742	3718	282	1408
17.0776	3719	280	1408
17.0809	3720	277	208
17.0838	3721	280	1408
17.09	3722	281	1408
17.0933	3723	279	208
17.0963	3724	281	1408
17.1025	3725	282	1408
17.1058	3726	280	208
17.1087	3727	282	1408
17.1116	3728	280	1408
17.1153	3729	278	208
17.1183	3730	280	1408
17.1241	3731	281	1408
17.1273	3732	279	208
17.1303	3733	280	1408
17.1365	3734	281	1408
17.1403	3736	276	208
17.1461	3737	281	1408
17.149	3738	279	1408
17.1551	3739	279	208
17.1581	3740	281	1408
17.1643	3741	280	1408
17.1709	3742	278	208
17.1739	3743	280	1408
17.1797	3744	279	1408
17.1829	3745	275	208
17.1859	3746	277	1408
17.195	3747	279	1408
17.1987	3748	276	208
17.2017	3749	278	1408
17.2074	3750	277	1408
17.2141	3751	277	208
17.217	3752	279	1408
17.2228	3753	277	1408
17.2265	3754	274	208
17.2324	3755	278	1408
17.2386	3756	277	1408
17.2418	3757	273	208
17.2453	3758	276	1408
17.2539	3759	277	1408
17.2577	3760	274	208
17.2606	3761	276	1408
17.2664	3762	275	1411
17.2755	3763	277	1408
17.2792	3764	274	208
17.2822	3765	276	1408
17.2879	3766	274	1408
17.2946	3767	274	208
17.295	3768	273	211
17.298	3769	275	1411
17.3042	3770	274	1408
17.3105	3771	273	1408
17.3166	3772	272	208
17.3196	3773	274	1408
17.3253	3774	273	1411
17.3344	3775	275	1408
17.3377	3776	271	208
17.3407	3777	273	1408
17.3469	3778	272	1408
17.3506	3779	269	208
17.3536	3780	271	1408
17.3747	3781	261	1408
17.378	3782	258	208
17.3809	3783	261	1408
17.3872	3784	262	1408
17.3933	3785	261	208
17.3963	3786	264	1408
17.4025	3787	264	1408
17.4058	3788	261	211
17.4062	3789	262	208
17.4092	3790	264	1408
17.4154	3791	264	1408
17.4187	3792	262	208
17.4217	3793	264	1408
17.4279	3794	265	1408
17.4311	3795	263	208
17.4341	3796	265	1408
17.4403	3797	266	1408
17.4441	3798	264	208
17.4499	3799	268	1408
17.4528	3800	266	1408
17.4561	3801	265	208
17.4624	3802	270	1408
17.4681	3803	270	1408
17.4719	3804	268	208
17.4748	3805	270	1408
17.4806	3806	270	1411
17.4868	3807	271	1408
17.4901	3808	269	208
17.493	3809	272	1408
17.4993	3810	272	1408
17.5025	3811	269	208
17.5055	3812	271	1408
17.5117	3813	272	1408
17.515	3814	269	208
17.5184	3815	272	1408
17.5271	3816	276	1408
17.5308	3817	273	208
17.5338	3818	275	1408
17.5395	3819	276	1408
17.5433	3820	274	208
17.5462	3821	276	1408
17.552	3822	276	1408
17.5557	3823	274	208
17.5587	3824	276	1408
17.5644	3825	276	1408
17.5682	3826	275	208
17.574	3827	280	1408
17.5774	3828	277	1408
17.5806	3829	275	208
17.5865	3830	280	1408
17.5927	3831	280	1408
17.596	3832	278	208
17.5989	3833	280	1408
17.6052	3834	281	1408
17.6055	3835	276	208
17.6085	3836	278	1408
17.6147	3837	278	1408
17.618	3838	275	208
17.6214	3839	279	1408
17.6301	3840	282	1408
17.6309	3841	276	208
17.6339	3842	279	1408
17.6396	3843	279	1408
17.6434	3844	277	208
17.6464	3845	279	1408
17.6521	3846	280	1408
17.6558	3847	277	208
17.6588	3848	279	1408
17.6646	3849	280	1408
17.6654	3850	275	208
17.6713	3851	280	1408
17.6741	3852	278	1408
17.6779	3853	275	208
17.6837	3854	280	1408
17.6899	3855	281	1408
17.6932	3856	279	208
17.6962	3857	281	1408
17.7024	3858	281	1408
17.7057	3859	279	208
17.7086	3860	281	1408
17.724	3861	279	1408
17.7277	3862	276	208
17.7307	3863	279	1408
17.7402	3865	274	208
17.7431	3866	277	1408
17.7522	3867	280	1408
17.7588	3868	279	208
17.7618	3869	282	1408
17.7689	3871	277	208
17.7719	3872	280	1408
17.7776	3873	280	1408
17.7813	3874	277	208
17.7843	3875	280	1408
17.7905	3876	280	1408
17.7972	3877	277	208
17.8001	3878	280	1408
17.8059	3879	279	1408
17.8096	3880	277	208
17.8126	3881	280	1408
17.8159	3882	277	1408
17.8225	3883	278	208
17.8255	3884	280	1408
17.8313	3885	281	1408
17.8321	3886	276	208
17.838	3887	280	1408
17.8446	3889	275	208
17.8475	3890	278	1408
17.8575	3892	276	208
17.8605	3893	279	1408
17.8733	3895	276	208
17.8763	3896	279	1408
17.882	3897	279	1408
17.8887	3898	279	208
17.895	3900	278	1408
17.8987	3901	276	208
17.9017	3902	279	1408
17.9074	3903	279	1408
17.9112	3904	277	208
17.9141	3905	280	1408
17.9232	3906	279	1408
17.9265	3907	277	208
17.9295	3908	279	1408
17.9394	3910	277	208
17.9424	3911	280	1408
17.9482	3912	279	1408
17.9485	3913	273	208
17.9515	3914	276	1408
17.9544	3915	273	1408
17.9548	3916	267	208
17.9577	3917	270	1408
17.9606	3918	267	1408
17.961	3919	260	208
17.964	3920	263	1408
17.9668	3921	260	1408
17.9672	3922	255	208
17.9702	3923	258	1408
17.9731	3924	255	1408
17.9734	3925	249	208
17.9764	3926	251	1408
17.9822	3927	252	1408
17.9826	3928	246	208
17.9855	3929	248	1408
17.9913	3930	249	1408
17.995	3931	247	208
17.998	3932	248	1408
18.0037	3933	249	1408
18.0041	3934	244	208
18.0076	3935	246	1408
18.0133	3936	247	1408
18.0166	3937	244	208
18.0196	3938	246	1408
18.0258	3939	246	1408
18.0324	3940	238	208
18.0354	3941	241	1408
18.0411	3942	241	1408
18.0473	3943	237	1411
18.0506	3944	235	208
18.0536	3945	237	1408
18.0593	3946	237	1408
18.0631	3947	232	208
18.066	3948	235	1408
18.0718	3949	232	1411
18.0776	3950	233	1408
18.0837	3951	233	208
18.0867	3952	235	1408
18.0929	3953	236	1408
18.0962	3954	234	208
18.0991	3955	236	1408
18.1049	3956	234	1408
18.1086	3957	233	208
18.1116	3958	235	1408
18.1178	3959	235	1408
18.1211	3960	234	208
18.124	3961	236	1408
18.1331	3962	238	1408
18.1364	3963	235	208
18.1394	3964	238	1408
18.1456	3965	237	1408
18.1518	3966	237	1411
18.158	3967	237	208
18.1609	3968	239	1408
18.1672	3969	240	1411
18.1729	3970	239	1408
18.182	3971	239	1411
18.1853	3972	236	208
18.1883	3973	238	1408
18.1945	3974	238	1408
18.1978	3975	235	208
18.2036	3976	238	1411
18.2098	3977	238	1408
18.2161	3978	239	1408
18.2193	3979	236	208
18.2252	3980	241	1408
18.2314	3981	241	1408
18.2347	3982	238	208
18.2376	3983	240	1408
18.2439	3984	240	1408
18.253	3985	243	1411
18.2562	3986	241	208
18.2592	3987	243	1408
18.2654	3988	243	1408
18.2687	3989	240	208
18.2721	3990	243	1408
18.2779	3991	242	1408
18.2845	3992	242	208
18.2875	3993	244	1408
18.2932	3994	244	1408
18.2969	3995	241	208
18.3028	3996	246	1408
18.309	3997	247	1408
18.3123	3998	244	208
18.3152	3999	246	1408
18.3215	4000	246	1408
18.3252	4001	244	208
18.3311	4002	249	1408
18.3368	4003	248	1408
18.3405	4004	246	208
18.3435	4005	248	1408
18.3493	4006	248	1408
18.353	4007	245	208
18.356	4008	247	1408
18.3617	4009	247	1408
18.3683	4010	247	208
18.3713	4011	250	1408
18.3775	4012	249	1408
18.3808	4013	246	208
18.3838	4014	248	1408
18.39	4015	248	1408
18.3932	4016	246	208
18.3962	4017	248	1408
18.4024	4018	248	1408
18.4057	4019	245	208
18.4091	4020	248	1408
18.4178	4021	250	1408
18.4215	4022	248	208
18.4245	4023	250	1408
18.4302	4024	250	1408
18.434	4025	247	208
18.4369	4026	249	1408
18.4427	4027	249	1408
18.4464	4028	247	208
18.4523	4029	252	1408
18.4585	4030	252	1408
18.4617	4031	248	208
18.4647	4032	251	1408
18.4709	4033	250	1408
18.4742	4034	248	208
18.4805	4035	253	1408
18.4863	4036	253	1408
18.49	4037	251	208
18.493	4038	252	1408
18.4987	4039	252	1408
18.5025	4040	250	208
18.5054	4041	252	1408
18.5112	4042	252	1408
18.5178	4043	252	208
18.5208	4044	254	1408
18.527	4045	255	1408
18.5303	4046	252	208
18.5332	4047	254	1408
18.5395	4048	254	1408
18.5427	4049	251	208
18.5457	4050	253	1408
18.5519	4051	253	1408
18.5552	4052	251	208
18.5615	4053	256	1408
18.5672	4054	256	1408
18.571	4055	253	208
18.5739	4056	255	1408
18.5797	4057	255	1408
18.5834	4058	253	208
18.5893	4059	258	1408
18.5955	4060	258	1408
18.5988	4061	255	208
18.6017	4062	257	1408
18.608	4063	257	1408
18.6112	4064	255	208
18.6142	4065	257	1408
18.6204	4066	257	1408
18.6237	4067	254	208
18.6266	4068	256	1408
18.6358	4069	259	1408
18.6361	4070	254	208
18.6425	4071	259	1408
18.6482	4072	259	1408
18.6519	4073	256	208
18.6549	4074	258	1408
18.6607	4075	258	1408
18.6644	4076	256	208
18.6674	4077	258	1408
18.6731	4078	258	1408
18.6769	4079	255	208
18.6798	4080	257	1408
18.6856	4081	257	1408
18.6893	4082	255	208
18.6952	4083	260	1408
18.698	4084	257	1408
18.7018	4085	254	208
18.7076	4086	259	1408
18.7138	4087	259	1408
18.7171	4088	257	208
18.7201	4089	259	1408
18.7263	4090	259	1408
18.7296	4091	256	208
18.7325	4092	258	1408
18.7388	4093	258	1408
18.742	4094	256	208
18.7455	4095	258	1408
18.7541	4096	261	1408
18.7578	4097	258	208
18.7608	4098	260	1408
18.7665	4099	260	1408
18.7703	4100	258	208
18.7761	4101	263	1408
18.779	4102	259	1408
18.7827	4103	257	208
18.7886	4104	262	1408
18.7948	4105	262	1408
18.7981	4106	260	208
18.801	4107	262	1408
18.8073	4108	262	1408
18.8105	4109	259	208
18.8135	4110	261	1408
18.8197	4111	261	1408
18.823	4112	258	208
18.8259	4113	260	1408
18.8322	4114	261	1408
18.8354	4115	257	208
18.8384	4116	260	1408
18.8446	4117	260	1408
18.8512	4118	260	208
18.8542	4119	263	1408
18.86	4120	261	1408
18.8637	4121	259	208
18.8667	4122	262	1408
18.8724	4123	261	1408
18.8761	4124	259	208
18.882	4125	263	1408
18.8853	4126	261	1408
18.8915	4127	261	208
18.8945	4128	263	1408
18.9007	4129	263	1408
18.9039	4130	260	208
18.9069	4131	262	1408
18.9131	4132	263	1408
18.9164	4133	260	208
18.9194	4134	262	1408
18.9256	4135	262	1408
18.9288	4136	259	208
18.9323	4137	262	1408
18.9409	4138	264	1408
18.9447	4139	262	208
18.9476	4140	264	1408
18.9534	4141	264	1408
18.9571	4142	262	208
18.9601	4143	264	1408
18.9658	4144	263	1408
18.9696	4145	261	208
18.9725	4146	263	1408
18.9783	4147	263	1408
18.982	4148	261	208
18.985	4149	262	1408
18.9907	4150	262	1408
18.9945	4151	260	208
18.9975	4152	262	1408
19.0037	4153	262	1408
19.0098	4154	262	208
19.0128	4155	264	1408
19.019	4156	265	1408
19.0223	4157	262	208
19.0252	4158	264	1408
19.0315	4159	264	1408
19.0347	4160	261	208
19.0377	4161	263	1408
19.0439	4162	263	1408
19.0472	4163	261	208
19.0502	4164	263	1408
19.0564	4165	263	1408
19.0596	4166	260	208
19.066	4167	265	1408
19.0717	4168	265	1408
19.0721	4169	260	208
19.0784	4170	265	1408
19.0842	4171	265	1408
19.0879	4172	262	208
19.0909	4173	264	1408
19.0966	4174	264	1408
19.1004	4175	262	208
19.1033	4176	264	1408
19.1091	4177	263	1408
19.1128	4178	260	208
19.1158	4179	263	1408
19.1249	4180	265	1408
19.1281	4181	263	208
19.1311	4182	266	1408
19.1373	4183	265	1408
19.1406	4184	262	208
19.1436	4185	264	1408
19.1498	4186	264	1408
19.1531	4187	262	208
19.156	4188	264	1408
19.1623	4189	264	1408
19.1655	4190	261	208
19.1685	4191	263	1408
19.1776	4192	266	1408
19.178	4193	260	208
19.1843	4194	266	1408
19.19	4195	266	1408
19.1938	4196	263	208
19.1967	4197	265	1408
19.2025	4198	265	1408
19.2062	4199	263	208
19.2092	4200	265	1408
19.215	4201	262	1408
19.2187	4202	260	208
19.2217	4203	263	1408
19.2308	4204	265	1408
19.234	4205	263	208
19.237	4206	265	1408
19.2432	4207	265	1408
19.2465	4208	262	208
19.2494	4209	264	1408
19.2557	4210	264	1408
19.2589	4211	261	208
19.2619	4212	263	1408
19.2681	4213	264	1408
19.2714	4214	260	208
19.2744	4215	263	1408
19.2806	4216	263	1408
19.2872	4217	263	208
19.2902	4218	266	1408
19.293	4219	263	1408
19.2997	4220	262	208
19.3026	4221	265	1408
19.3084	4222	264	1408
19.3121	4223	262	208
19.3151	4224	265	1408
19.3208	4225	263	1408
19.3246	4226	261	208
19.3304	4227	266	1408
19.3333	4228	263	1408
19.337	4229	261	208
19.3429	4230	265	1408
19.3491	4231	266	1408
19.3495	4232	260	208
19.3553	4233	265	1408
19.3616	4234	265	1408
19.3648	4235	262	208
19.3678	4236	264	1408
19.374	4237	265	1408
19.3773	4238	262	208
19.3802	4239	264	1408
19.3865	4240	264	1408
19.3897	4241	261	208
19.3927	4242	263	1408
19.3989	4243	262	1408
19.4022	4244	260	208
19.4051	4245	263	1408
19.4143	4246	265	1408
19.418	4247	262	208
19.421	4248	265	1408
19.4267	4249	264	1408
19.4304	4250	262	208
19.4334	4251	264	1408
19.4392	4252	264	1408
19.4429	4253	261	208
19.4459	4254	263	1408
19.4516	4255	263	1408
19.4554	4256	261	208
19.4612	4257	266	1408
19.4641	4258	263	1408
19.4707	4259	263	208
19.4737	4260	265	1408
19.4799	4261	265	1408
19.4831	4262	263	208
19.4861	4263	265	1408
19.4923	4264	265	1408
19.4956	4265	262	208
19.4986	4266	264	1408
19.5048	4267	264	1408
19.5081	4268	261	208
19.511	4269	264	1408
19.5173	4270	263	1408
19.5239	4271	263	208
19.5268	4272	266	1408
19.5326	4273	265	1408
19.5363	4274	263	208
19.5393	4275	266	1408
19.545	4276	265	1408
19.5488	4277	262	208
19.5517	4278	264	1408
19.5575	4279	264	1408
19.5612	4280	261	208
19.5642	4281	264	1408
19.57	4282	262	1408
19.5737	4283	260	208
19.5767	4284	263	1408
19.5858	4285	265	1408
19.589	4286	263	208
19.592	4287	265	1408
19.5982	4288	265	1408
19.6015	4289	262	208
19.6044	4290	264	1408
19.6107	4291	264	1408
19.6139	4292	261	208
19.6169	4293	263	1408
19.626	4294	266	1408
19.6264	4295	260	208
19.6294	4296	263	1408
19.6385	4297	265	1408
19.6422	4298	263	208
19.6452	4299	266	1408
19.6509	4300	264	1408
19.6546	4301	262	208
19.6576	4302	264	1408
19.6634	4303	263	1408
19.6671	4304	261	208
19.6701	4305	264	1408
19.6792	4306	266	1408
19.6796	4307	260	208
19.6825	4308	263	1408
19.6916	4309	265	1408
19.6949	4310	262	208
19.6979	4311	264	1408
19.7041	4312	265	1408
19.7073	4313	262	208
19.7103	4314	264	1408
19.7165	4315	264	1408
19.7198	4316	261	208
19.7228	4317	263	1408
19.729	4318	264	1408
19.7323	4319	261	208
19.7352	4320	263	1408
19.7415	4321	263	1408
19.7447	4322	260	208
19.751	4323	266	1408
19.7568	4324	265	1408
19.7605	4325	263	208
19.7635	4326	265	1408
19.7692	4327	265	1408
19.773	4328	262	208
19.776	4329	264	1408
19.7817	4330	264	1408
19.7854	4331	262	208
19.7884	4332	264	1408
19.7942	4333	263	1408
19.7979	4334	260	208
19.8009	4335	263	1408
19.81	4336	265	1408
19.8132	4337	263	208
19.8162	4338	266	1408
19.8224	4339	265	1408
19.8257	4340	262	208
19.8287	4341	264	1408
19.8349	4342	264	1408
19.8381	4343	262	208
19.8411	4344	265	1408
19.8473	4345	265	1408
19.8506	4346	263	208
19.8536	4347	265	1408
19.8598	4348	265	1408
19.863	4349	264	208
19.866	4350	266	1408
19.8722	4351	266	1408
19.8755	4352	264	208
19.8785	4353	266	1408
19.8847	4354	267	1408
19.888	4355	264	208
19.8909	4356	266	1408
19.8972	4357	268	1408
19.9004	4358	265	208
19.9034	4359	268	1408
19.9096	4360	268	1408
19.9129	4361	266	208
19.9158	4362	268	1408
19.9221	4363	269	1408
19.9253	4364	267	208
19.9283	4365	269	1408
19.9345	4366	269	1408
19.9378	4367	267	208
19.9408	4368	269	1408
19.947	4369	270	1408
19.9502	4370	268	208
19.9532	4371	270	1408
19.9594	4372	271	1408
19.9627	4373	268	208
19.9657	4374	271	1408
19.9719	4375	271	1408
19.9752	4376	270	208
19.9781	4377	272	1408
19.9844	4378	272	1408
19.9876	4379	270	208
19.9906	4380	272	1408
19.9968	4381	273	1408
